0 [4.000000000e+00, 7.000000000e+00]
100 [3.964622021e+00, 7.034852982e+00]
200 [3.960609436e+00, 7.044268131e+00]
300 [3.956091881e+00, 7.057398319e+00]
400 [3.950770617e+00, 7.072576046e+00]
500 [3.944711208e+00, 7.089418411e+00]
600 [3.937983990e+00, 7.107611656e+00]
700 [3.930667162e+00, 7.126851082e+00]
800 [3.922834396e+00, 7.146851063e+00]
900 [3.914512396e+00, 7.167466640e+00]
1000 [3.905677080e+00, 7.188714981e+00]
1100 [3.896321058e+00, 7.210552692e+00]
1200 [3.886450529e+00, 7.232813835e+00]
1300 [3.876202583e+00, 7.255166054e+00]
1400 [3.865591526e+00, 7.277420521e+00]
1500 [3.854908943e+00, 7.299321175e+00]
1600 [3.844050169e+00, 7.321102619e+00]
1700 [3.833254337e+00, 7.342790127e+00]
1800 [3.822193384e+00, 7.364837646e+00]
1900 [3.811117887e+00, 7.387134075e+00]
2000 [3.799627542e+00, 7.410050869e+00]
2100 [3.788004160e+00, 7.433353424e+00]
2200 [3.776108265e+00, 7.457145691e+00]
2300 [3.763531208e+00, 7.481750488e+00]
2400 [3.750679493e+00, 7.506855011e+00]
2500 [3.736933708e+00, 7.532953739e+00]
2600 [3.722657204e+00, 7.559762478e+00]
2700 [3.707685947e+00, 7.587391376e+00]
2800 [3.691528559e+00, 7.616168976e+00]
2900 [3.674878359e+00, 7.645550728e+00]
3000 [3.657174110e+00, 7.675905704e+00]
3100 [3.638350725e+00, 7.707209587e+00]
3200 [3.618832588e+00, 7.739137650e+00]
3300 [3.598026514e+00, 7.772047997e+00]
3400 [3.576100826e+00, 7.805739880e+00]
3500 [3.552873135e+00, 7.840281487e+00]
3600 [3.528775454e+00, 7.875325680e+00]
3700 [3.503070116e+00, 7.911279678e+00]
3800 [3.476096153e+00, 7.947841644e+00]
3900 [3.447577715e+00, 7.985122681e+00]
4000 [3.417790651e+00, 8.022889137e+00]
4100 [3.386355639e+00, 8.061309814e+00]
4200 [3.353030682e+00, 8.100459099e+00]
4300 [3.318268061e+00, 8.140040398e+00]
4400 [3.281461000e+00, 8.180340767e+00]
4500 [3.243177891e+00, 8.221023560e+00]
4600 [3.202370882e+00, 8.262573242e+00]
4700 [3.159770727e+00, 8.304550171e+00]
4800 [3.114968061e+00, 8.347090721e+00]
4900 [3.067531824e+00, 8.390359879e+00]
5000 [3.017509937e+00, 8.434220314e+00]
