0 [1.000000000e+01, 1.000000000e+00, 1.000000015e-01]
100 [9.934391975e+00, 9.593650103e-01, 4.102030396e-02]
200 [9.889661789e+00, 9.153817296e-01, -2.270758338e-02]
300 [9.876515388e+00, 8.844559789e-01, -4.952823371e-02]
400 [9.863953590e+00, 8.549462557e-01, -7.429540902e-02]
500 [9.851365089e+00, 8.262556195e-01, -9.854162484e-02]
600 [9.838842392e+00, 7.986736894e-01, -1.223991588e-01]
700 [9.826613426e+00, 7.728314400e-01, -1.452012956e-01]
800 [9.814939499e+00, 7.501069903e-01, -1.643224508e-01]
900 [9.803739548e+00, 7.305468321e-01, -1.786510348e-01]
1000 [nan, nan, nan]
