0 [4.000000000e+00, 7.000000000e+00]
100 [3.962943077e+00, 7.037167549e+00]
200 [3.959435701e+00, 7.047896862e+00]
300 [3.954990149e+00, 7.061754704e+00]
400 [3.949747562e+00, 7.077721596e+00]
500 [3.943775654e+00, 7.095443726e+00]
600 [3.937167406e+00, 7.114592552e+00]
700 [3.930112123e+00, 7.134706020e+00]
800 [3.923000097e+00, 7.154992104e+00]
900 [3.915778160e+00, 7.175337315e+00]
1000 [3.908307314e+00, 7.196103096e+00]
1100 [3.900453806e+00, 7.217386246e+00]
1200 [3.892157555e+00, 7.239096165e+00]
1300 [3.883599758e+00, 7.260894299e+00]
1400 [3.874565601e+00, 7.282973289e+00]
1500 [3.865267992e+00, 7.305185318e+00]
1600 [3.855482340e+00, 7.327910423e+00]
1700 [3.845330715e+00, 7.351129055e+00]
1800 [3.834599733e+00, 7.375112534e+00]
1900 [3.823478937e+00, 7.399685860e+00]
2000 [3.811695576e+00, 7.425112724e+00]
2100 [3.799353838e+00, 7.451267719e+00]
2200 [3.786582708e+00, 7.478004456e+00]
2300 [3.773026705e+00, 7.505619049e+00]
2400 [3.759115934e+00, 7.533688545e+00]
2500 [3.744288683e+00, 7.562679291e+00]
2600 [3.729129076e+00, 7.592052460e+00]
2700 [3.712927818e+00, 7.622383595e+00]
2800 [3.696367741e+00, 7.653069496e+00]
2900 [3.678863049e+00, 7.684574604e+00]
3000 [3.660484314e+00, 7.716809750e+00]
3100 [3.641505241e+00, 7.749542713e+00]
3200 [3.621087790e+00, 7.783390045e+00]
3300 [3.600217581e+00, 7.817564964e+00]
3400 [3.577976942e+00, 7.852716446e+00]
3500 [3.554881334e+00, 7.888425350e+00]
3600 [3.530617952e+00, 7.924869061e+00]
3700 [3.504765511e+00, 7.962273121e+00]
3800 [3.478018999e+00, 8.000100136e+00]
3900 [3.449373960e+00, 8.038949966e+00]
4000 [3.419743299e+00, 8.078161240e+00]
4100 [3.388310909e+00, 8.118171692e+00]
4200 [3.355262280e+00, 8.158802986e+00]
4300 [3.320676565e+00, 8.199933052e+00]
4400 [3.283928156e+00, 8.241833687e+00]
4500 [3.245613098e+00, 8.284087181e+00]
4600 [3.205025196e+00, 8.326996803e+00]
4700 [3.162081480e+00, 8.370508194e+00]
4800 [3.117254257e+00, 8.414291382e+00]
4900 [3.069848061e+00, 8.458606720e+00]
5000 [3.020047665e+00, 8.503274918e+00]
5100 [2.967213154e+00, 8.548488617e+00]
5200 [2.911804438e+00, 8.593938828e+00]
5300 [2.853409529e+00, 8.639730453e+00]
5400 [2.791859627e+00, 8.685851097e+00]
5500 [2.727008343e+00, 8.732290268e+00]
5600 [2.658703327e+00, 8.779035568e+00]
5700 [2.586795568e+00, 8.826057434e+00]
5800 [2.511144876e+00, 8.873304367e+00]
5900 [2.431640863e+00, 8.920692444e+00]
6000 [2.348225832e+00, 8.968090057e+00]
6100 [2.260918617e+00, 9.015379906e+00]
6200 [2.169853687e+00, 9.062330246e+00]
6300 [2.075337887e+00, 9.108679771e+00]
6400 [1.977931619e+00, 9.154077530e+00]
6500 [1.878592134e+00, 9.198037148e+00]
6600 [1.778879404e+00, 9.239894867e+00]
6700 [1.681283951e+00, 9.278719902e+00]
6800 [1.589592218e+00, 9.313263893e+00]
6900 [1.508891106e+00, 9.342064857e+00]
7000 [1.444279671e+00, 9.363957405e+00]
7100 [1.398097157e+00, 9.378872871e+00]
7200 [1.368281126e+00, 9.388073921e+00]
7300 [1.350081444e+00, 9.393417358e+00]
7400 [1.338918567e+00, 9.396473885e+00]
7500 [1.331675291e+00, 9.398238182e+00]
7600 [1.326564193e+00, 9.399250031e+00]
7700 [1.322631717e+00, 9.399802208e+00]
7800 [1.319387913e+00, 9.400085449e+00]
7900 [1.316581964e+00, 9.400276184e+00]
8000 [1.314069033e+00, 9.400497437e+00]
8100 [1.311754823e+00, 9.400847435e+00]
8200 [1.309547186e+00, 9.401365280e+00]
8300 [1.307619691e+00, 9.401943207e+00]
8400 [1.305821300e+00, 9.402604103e+00]
8500 [1.304101229e+00, 9.403367996e+00]
8600 [1.302560687e+00, 9.404186249e+00]
8700 [1.300903440e+00, 9.405220032e+00]
8800 [1.299576402e+00, 9.406308174e+00]
8900 [1.298155546e+00, 9.407617569e+00]
9000 [1.296698689e+00, 9.409161568e+00]
9100 [1.295362949e+00, 9.410844803e+00]
9200 [1.293620706e+00, 9.412883759e+00]
9300 [1.292673588e+00, 9.414863586e+00]
9400 [1.291453004e+00, 9.417084694e+00]
9500 [1.290248632e+00, 9.419486046e+00]
9600 [1.289040089e+00, 9.422106743e+00]
9700 [1.288074851e+00, 9.424797058e+00]
9800 [1.287100315e+00, 9.427680969e+00]
9900 [1.286199331e+00, 9.430746078e+00]
10000 [1.285445333e+00, 9.433987617e+00]
10100 [1.284321189e+00, 9.437602043e+00]
10200 [1.284026265e+00, 9.441199303e+00]
10300 [1.283379078e+00, 9.445178032e+00]
10400 [1.282743096e+00, 9.449429512e+00]
10500 [1.281885624e+00, 9.454132080e+00]
10600 [1.281648159e+00, 9.459029198e+00]
10700 [1.281122088e+00, 9.464375496e+00]
10800 [1.280614376e+00, 9.470215797e+00]
10900 [1.280140996e+00, 9.476370811e+00]
11000 [1.279114842e+00, 9.483245850e+00]
11100 [1.279256463e+00, 9.490221977e+00]
11200 [1.278573036e+00, 9.498082161e+00]
11300 [1.278467417e+00, 9.506311417e+00]
11400 [1.277617812e+00, 9.515345573e+00]
11500 [1.277768016e+00, 9.524692535e+00]
11600 [1.277446032e+00, 9.534906387e+00]
11700 [1.276816726e+00, 9.545907021e+00]
11800 [1.276877761e+00, 9.557286263e+00]
11900 [1.276620507e+00, 9.569563866e+00]
12000 [1.276413798e+00, 9.582608223e+00]
12100 [1.276174426e+00, 9.596336365e+00]
12200 [1.275848627e+00, 9.610952377e+00]
12300 [1.275801182e+00, 9.626313210e+00]
12400 [1.275618196e+00, 9.642548561e+00]
12500 [1.275139332e+00, 9.659656525e+00]
12600 [1.275329351e+00, 9.677408218e+00]
12700 [1.275187016e+00, 9.696345329e+00]
12800 [1.275046587e+00, 9.716184616e+00]
12900 [1.274905562e+00, 9.736584663e+00]
13000 [1.274845958e+00, 9.758275032e+00]
13100 [1.274493933e+00, 9.781255722e+00]
13200 [1.274177670e+00, 9.804972649e+00]
13300 [1.274593830e+00, 9.829099655e+00]
13400 [1.274512887e+00, 9.854879379e+00]
13500 [1.273878098e+00, 9.881841660e+00]
13600 [1.273918748e+00, 9.909213066e+00]
13700 [1.274367452e+00, 9.937740326e+00]
13800 [1.274313450e+00, 9.967036247e+00]
13900 [1.274300814e+00, 9.997580528e+00]
14000 [1.274276018e+00, 1.002950096e+01]
14100 [1.274267077e+00, 1.006170368e+01]
14200 [1.274258018e+00, 1.009527397e+01]
14300 [1.274095535e+00, 1.013031292e+01]
14400 [1.274225354e+00, 1.016562366e+01]
14500 [1.273843050e+00, 1.020226860e+01]
14600 [1.273894429e+00, 1.023972893e+01]
14700 [1.273879409e+00, 1.027735710e+01]
14800 [1.274338603e+00, 1.031610680e+01]
14900 [1.274345994e+00, 1.035482597e+01]
15000 [1.274460316e+00, 1.039492798e+01]
15100 [1.274226904e+00, 1.043628216e+01]
15200 [1.273935318e+00, 1.047762775e+01]
15300 [1.274672270e+00, 1.051960087e+01]
15400 [1.274425626e+00, 1.056139469e+01]
15500 [1.274710655e+00, 1.060436058e+01]
15600 [1.274752378e+00, 1.064686298e+01]
15700 [1.274823070e+00, 1.068988991e+01]
15800 [1.274866939e+00, 1.073418522e+01]
15900 [1.274842143e+00, 1.077801418e+01]
16000 [1.274939775e+00, 1.082182121e+01]
16100 [1.275087595e+00, 1.086655807e+01]
16200 [1.275110364e+00, 1.091032410e+01]
16300 [1.275183439e+00, 1.095435524e+01]
16400 [1.274814487e+00, 1.099999046e+01]
16500 [1.274946809e+00, 1.104608631e+01]
16600 [1.274805665e+00, 1.109153080e+01]
16700 [1.275465846e+00, 1.113775635e+01]
16800 [1.275526643e+00, 1.118329048e+01]
16900 [1.275584817e+00, 1.122967815e+01]
17000 [1.275337696e+00, 1.127668285e+01]
17100 [1.275448203e+00, 1.132295227e+01]
17200 [1.275788188e+00, 1.137005520e+01]
17300 [1.275442362e+00, 1.141872883e+01]
17400 [1.275921702e+00, 1.146567345e+01]
17500 [1.275952697e+00, 1.151478481e+01]
17600 [1.276029110e+00, 1.156283188e+01]
17700 [1.275423884e+00, 1.161215305e+01]
17800 [1.275728583e+00, 1.166140652e+01]
17900 [1.276219845e+00, 1.170859337e+01]
18000 [1.276255727e+00, 1.175799561e+01]
18100 [1.276138186e+00, 1.180709553e+01]
18200 [1.276323318e+00, 1.185570908e+01]
18300 [1.276234269e+00, 1.190563679e+01]
18400 [1.276397705e+00, 1.195363045e+01]
18500 [1.276543498e+00, 1.200315857e+01]
18600 [1.276179314e+00, 1.205400562e+01]
18700 [1.276226759e+00, 1.210365772e+01]
18800 [1.276235700e+00, 1.215417385e+01]
18900 [1.276612043e+00, 1.220344067e+01]
19000 [1.276667118e+00, 1.225407314e+01]
19100 [1.276766062e+00, 1.230298710e+01]
19200 [1.276846409e+00, 1.235339546e+01]
19300 [1.276875734e+00, 1.240308762e+01]
19400 [1.276950598e+00, 1.245311928e+01]
19500 [1.276669860e+00, 1.250468731e+01]
19600 [1.277013898e+00, 1.255548096e+01]
19700 [1.276635766e+00, 1.260655689e+01]
19800 [1.277071714e+00, 1.265634537e+01]
19900 [1.276929259e+00, 1.270800495e+01]
20000 [1.277184606e+00, 1.275853920e+01]
20100 [1.276712894e+00, 1.280923557e+01]
20200 [1.277078152e+00, 1.285846043e+01]
20300 [1.277300000e+00, 1.290911579e+01]
20400 [1.277075648e+00, 1.295965958e+01]
20500 [1.276984930e+00, 1.301043129e+01]
20600 [1.276972771e+00, 1.306137657e+01]
20700 [1.277460933e+00, 1.311101723e+01]
20800 [1.277519226e+00, 1.316257095e+01]
20900 [1.277545333e+00, 1.321198368e+01]
21000 [1.277575731e+00, 1.326288986e+01]
21100 [1.277111053e+00, 1.331402302e+01]
21200 [1.277153373e+00, 1.336332607e+01]
21300 [1.277748466e+00, 1.341350365e+01]
21400 [1.277647018e+00, 1.346354866e+01]
21500 [1.277844548e+00, 1.351295948e+01]
21600 [1.277920961e+00, 1.356383038e+01]
21700 [1.277974844e+00, 1.361429787e+01]
21800 [1.278027892e+00, 1.366460991e+01]
21900 [1.277463317e+00, 1.371629810e+01]
22000 [1.277809501e+00, 1.376706600e+01]
22100 [1.278228283e+00, 1.381733513e+01]
22200 [1.278282285e+00, 1.386953545e+01]
22300 [1.278345346e+00, 1.391946602e+01]
22400 [1.278339386e+00, 1.397051716e+01]
22500 [1.278486967e+00, 1.402255344e+01]
22600 [1.278366208e+00, 1.407175350e+01]
22700 [1.278574347e+00, 1.412185860e+01]
22800 [1.277989984e+00, 1.417396069e+01]
22900 [1.278515220e+00, 1.422628498e+01]
23000 [1.278742909e+00, 1.427661419e+01]
23100 [1.278765082e+00, 1.432894135e+01]
23200 [1.278284669e+00, 1.438160419e+01]
23300 [1.278893232e+00, 1.443159580e+01]
23400 [1.278909206e+00, 1.448394394e+01]
23500 [1.278994441e+00, 1.453714180e+01]
23600 [1.279003263e+00, 1.458719444e+01]
23700 [1.278360963e+00, 1.463835526e+01]
23800 [1.279106021e+00, 1.468973064e+01]
23900 [1.279174685e+00, 1.474281216e+01]
24000 [1.279182076e+00, 1.479264069e+01]
24100 [1.279193282e+00, 1.484344292e+01]
24200 [1.279283285e+00, 1.489514446e+01]
24300 [1.279406071e+00, 1.494821262e+01]
24400 [1.279256940e+00, 1.499766731e+01]
24500 [1.279386401e+00, 1.504856300e+01]
24600 [1.279416680e+00, 1.510097599e+01]
24700 [1.278882146e+00, 1.515395260e+01]
24800 [1.279357076e+00, 1.520486450e+01]
24900 [1.279523492e+00, 1.525724602e+01]
25000 [1.279529810e+00, 1.531145763e+01]
25100 [1.279561400e+00, 1.536391735e+01]
25200 [1.279270411e+00, 1.541741371e+01]
25300 [1.279356599e+00, 1.547142887e+01]
25400 [1.279642940e+00, 1.552353573e+01]
25500 [1.279583335e+00, 1.557769299e+01]
25600 [1.279623032e+00, 1.563079739e+01]
25700 [1.279178619e+00, 1.568424606e+01]
25800 [1.279724240e+00, 1.573812771e+01]
25900 [1.279738069e+00, 1.579002953e+01]
26000 [1.279756546e+00, 1.584323692e+01]
26100 [1.279552698e+00, 1.589772034e+01]
26200 [1.279483199e+00, 1.594889641e+01]
26300 [1.279804945e+00, 1.600099754e+01]
26400 [1.279813647e+00, 1.605460739e+01]
26500 [1.279365897e+00, 1.610851669e+01]
26600 [1.279765248e+00, 1.616068268e+01]
26700 [1.279454708e+00, 1.621488762e+01]
26800 [1.279473186e+00, 1.626895905e+01]
26900 [1.279450178e+00, 1.632200050e+01]
27000 [1.279911518e+00, 1.637595177e+01]
27100 [1.279531121e+00, 1.642860031e+01]
27200 [1.279930234e+00, 1.648119354e+01]
27300 [1.279894471e+00, 1.653566170e+01]
27400 [1.279757857e+00, 1.658937645e+01]
27500 [1.279380083e+00, 1.664245605e+01]
27600 [1.279984593e+00, 1.669608688e+01]
27700 [1.279466033e+00, 1.675041199e+01]
27800 [1.279464841e+00, 1.680270195e+01]
27900 [1.280032039e+00, 1.685577583e+01]
28000 [1.279380679e+00, 1.691002274e+01]
28100 [1.279964447e+00, 1.696136856e+01]
28200 [1.279845834e+00, 1.701475525e+01]
28300 [1.280024290e+00, 1.706907463e+01]
28400 [1.279672503e+00, 1.712116051e+01]
28500 [1.280119896e+00, 1.717346001e+01]
28600 [1.279996753e+00, 1.722761536e+01]
28700 [1.279815316e+00, 1.728241539e+01]
28800 [1.280162454e+00, 1.733422852e+01]
28900 [1.280086398e+00, 1.738816452e+01]
29000 [1.280270696e+00, 1.744284058e+01]
29100 [1.280205607e+00, 1.749377823e+01]
29200 [1.280222774e+00, 1.754662323e+01]
29300 [1.280257344e+00, 1.760045242e+01]
29400 [1.280211568e+00, 1.765240288e+01]
29500 [1.280271530e+00, 1.770413017e+01]
29600 [1.279777169e+00, 1.775766373e+01]
29700 [1.280311584e+00, 1.781155205e+01]
29800 [1.280316353e+00, 1.786329460e+01]
29900 [1.280338764e+00, 1.791613007e+01]
30000 [1.279714465e+00, 1.797085381e+01]
30100 [1.279867172e+00, 1.802534866e+01]
30200 [1.280386090e+00, 1.807650948e+01]
30300 [1.280246377e+00, 1.813007545e+01]
30400 [1.280319333e+00, 1.818445587e+01]
30500 [1.280430794e+00, 1.823616219e+01]
30600 [1.280451775e+00, 1.828960228e+01]
30700 [1.280114412e+00, 1.834290314e+01]
30800 [1.280392170e+00, 1.839480400e+01]
30900 [1.280504346e+00, 1.844795990e+01]
31000 [1.280427456e+00, 1.850053024e+01]
31100 [1.280162573e+00, 1.855273056e+01]
31200 [1.280545592e+00, 1.860535622e+01]
31300 [1.280501962e+00, 1.865996933e+01]
31400 [1.280569911e+00, 1.871329880e+01]
31500 [1.279837370e+00, 1.876782227e+01]
31600 [1.280352116e+00, 1.882101250e+01]
31700 [1.280604601e+00, 1.887308502e+01]
31800 [1.280400395e+00, 1.892708397e+01]
31900 [1.280176878e+00, 1.898141289e+01]
32000 [1.280625582e+00, 1.903266525e+01]
32100 [1.280656576e+00, 1.908606911e+01]
32200 [1.280086160e+00, 1.913946724e+01]
32300 [1.280245781e+00, 1.919033241e+01]
32400 [1.280687213e+00, 1.924222946e+01]
32500 [1.280538082e+00, 1.929634857e+01]
32600 [1.280235052e+00, 1.935059357e+01]
32700 [1.280714035e+00, 1.940273666e+01]
32800 [1.280707836e+00, 1.945708847e+01]
32900 [1.280522466e+00, 1.951086426e+01]
33000 [1.280732989e+00, 1.956335640e+01]
33100 [1.280723095e+00, 1.961781311e+01]
33200 [1.280619979e+00, 1.967132568e+01]
33300 [1.280280709e+00, 1.972448349e+01]
33400 [1.280740976e+00, 1.977834892e+01]
33500 [1.280716538e+00, 1.983071899e+01]
33600 [1.280723095e+00, 1.988294220e+01]
33700 [1.280739784e+00, 1.993631172e+01]
33800 [1.280729890e+00, 1.999117661e+01]
33900 [1.280722260e+00, 2.004375839e+01]
34000 [1.280356526e+00, 2.009762192e+01]
34100 [1.280426145e+00, 2.015205383e+01]
34200 [1.280678272e+00, 2.020408440e+01]
34300 [1.280701637e+00, 2.025802040e+01]
34400 [1.280476809e+00, 2.031088448e+01]
34500 [1.280346274e+00, 2.036401176e+01]
34600 [1.280728579e+00, 2.041798592e+01]
34700 [1.280471087e+00, 2.047067642e+01]
34800 [1.280469775e+00, 2.052443123e+01]
34900 [1.280592918e+00, 2.057833099e+01]
35000 [1.280592561e+00, 2.063093948e+01]
35100 [1.280562162e+00, 2.068507385e+01]
35200 [1.280533075e+00, 2.073839188e+01]
35300 [1.280520797e+00, 2.079213905e+01]
35400 [1.280430079e+00, 2.084527588e+01]
35500 [1.280467868e+00, 2.089809990e+01]
35600 [1.280447483e+00, 2.095230484e+01]
35700 [1.280061603e+00, 2.100519562e+01]
35800 [1.280375123e+00, 2.105847168e+01]
35900 [1.280198455e+00, 2.111129189e+01]
36000 [1.280296087e+00, 2.116329575e+01]
36100 [1.280227304e+00, 2.121656799e+01]
36200 [1.280231237e+00, 2.127106857e+01]
36300 [1.280186772e+00, 2.132308006e+01]
36400 [1.280110717e+00, 2.137629890e+01]
36500 [1.279760242e+00, 2.143051147e+01]
36600 [1.279739499e+00, 2.148178482e+01]
36700 [1.280017614e+00, 2.153411102e+01]
36800 [1.279963255e+00, 2.158815384e+01]
36900 [1.279902339e+00, 2.163987541e+01]
37000 [1.279851198e+00, 2.169261551e+01]
37100 [1.279509783e+00, 2.174648094e+01]
37200 [1.279737473e+00, 2.179541588e+01]
37300 [1.279687285e+00, 2.184623528e+01]
37400 [1.279273510e+00, 2.189880371e+01]
37500 [1.279583573e+00, 2.195161057e+01]
37600 [1.279519439e+00, 2.200298691e+01]
37700 [1.279447913e+00, 2.205505562e+01]
37800 [1.279026151e+00, 2.210831070e+01]
37900 [1.279321551e+00, 2.215740395e+01]
38000 [1.279259562e+00, 2.220832253e+01]
38100 [1.279192567e+00, 2.226035500e+01]
38200 [1.279106498e+00, 2.231394768e+01]
38300 [1.279064536e+00, 2.236552048e+01]
38400 [1.278988838e+00, 2.241810799e+01]
38500 [1.278855443e+00, 2.246958160e+01]
38600 [1.278778791e+00, 2.252073669e+01]
38700 [1.278796077e+00, 2.257268143e+01]
38800 [1.278706551e+00, 2.262244987e+01]
38900 [1.278640032e+00, 2.267263794e+01]
39000 [1.278351545e+00, 2.272437668e+01]
39100 [1.278057933e+00, 2.277638435e+01]
39200 [1.278254390e+00, 2.282673836e+01]
39300 [1.278401494e+00, 2.287812805e+01]
39400 [1.278281331e+00, 2.292725945e+01]
39500 [1.278212667e+00, 2.297759819e+01]
39600 [1.277890325e+00, 2.302931786e+01]
39700 [1.277729392e+00, 2.308026505e+01]
39800 [1.277470231e+00, 2.313029480e+01]
39900 [1.277943254e+00, 2.318051147e+01]
40000 [1.277779698e+00, 2.323040581e+01]
40100 [1.277797103e+00, 2.327936172e+01]
40200 [1.277581930e+00, 2.332986069e+01]
40300 [1.277482390e+00, 2.338087654e+01]
40400 [1.277430296e+00, 2.342985725e+01]
40500 [1.277116418e+00, 2.348033714e+01]
40600 [1.277049184e+00, 2.353086281e+01]
40700 [1.276613832e+00, 2.358024788e+01]
40800 [1.277338624e+00, 2.362936401e+01]
40900 [1.276946783e+00, 2.368040085e+01]
41000 [1.277082324e+00, 2.372716713e+01]
41100 [1.277152300e+00, 2.377547646e+01]
41200 [1.276875973e+00, 2.382534599e+01]
41300 [1.277119517e+00, 2.387535858e+01]
41400 [1.276590466e+00, 2.392305183e+01]
41500 [1.276898980e+00, 2.397117615e+01]
41600 [1.276025057e+00, 2.402155876e+01]
41700 [1.276773691e+00, 2.406966019e+01]
41800 [1.276708484e+00, 2.411720085e+01]
41900 [1.276047945e+00, 2.416583443e+01]
42000 [1.276587129e+00, 2.421420288e+01]
42100 [1.276473641e+00, 2.426199913e+01]
42200 [1.276454329e+00, 2.430914307e+01]
42300 [1.276376486e+00, 2.435750961e+01]
42400 [1.275754452e+00, 2.440614510e+01]
42500 [1.276190758e+00, 2.445117569e+01]
42600 [1.275589347e+00, 2.449865341e+01]
42700 [1.276138186e+00, 2.454572296e+01]
42800 [1.275768638e+00, 2.459324074e+01]
42900 [1.275851369e+00, 2.463877869e+01]
43000 [1.275949597e+00, 2.468523407e+01]
43100 [1.275879622e+00, 2.473304367e+01]
43200 [1.275823593e+00, 2.477943993e+01]
43300 [1.275747895e+00, 2.482572746e+01]
43400 [1.275705576e+00, 2.487270737e+01]
43500 [1.275626063e+00, 2.491706848e+01]
43600 [1.275558591e+00, 2.496179390e+01]
43700 [1.275017858e+00, 2.500806427e+01]
43800 [1.275446415e+00, 2.505433273e+01]
43900 [1.275387764e+00, 2.509924507e+01]
44000 [1.275321603e+00, 2.514405251e+01]
44100 [1.274876595e+00, 2.519022179e+01]
44200 [1.274764061e+00, 2.523617744e+01]
44300 [1.274622917e+00, 2.527999306e+01]
44400 [1.275092125e+00, 2.532398224e+01]
44500 [1.274436235e+00, 2.536948204e+01]
44600 [1.274991989e+00, 2.541186333e+01]
44700 [1.274919987e+00, 2.545543671e+01]
44800 [1.274657011e+00, 2.550036430e+01]
44900 [1.274359822e+00, 2.554540634e+01]
45000 [1.274255395e+00, 2.558834839e+01]
45100 [1.274703860e+00, 2.563161659e+01]
45200 [1.274342060e+00, 2.567511749e+01]
45300 [1.274558187e+00, 2.571653366e+01]
45400 [1.274250984e+00, 2.575955772e+01]
45500 [1.274445653e+00, 2.580283546e+01]
45600 [1.274238110e+00, 2.584437370e+01]
45700 [1.273863196e+00, 2.588715172e+01]
45800 [1.274337769e+00, 2.592977524e+01]
45900 [1.274152994e+00, 2.597133064e+01]
46000 [1.274240136e+00, 2.601302528e+01]
46100 [1.274183631e+00, 2.605577278e+01]
46200 [1.274141908e+00, 2.609668159e+01]
46300 [1.274078012e+00, 2.613765335e+01]
46400 [1.274045825e+00, 2.617923164e+01]
46500 [1.273987293e+00, 2.621863174e+01]
46600 [1.273774981e+00, 2.625759125e+01]
46700 [1.273893595e+00, 2.629713440e+01]
46800 [1.273831844e+00, 2.633813667e+01]
46900 [1.273484707e+00, 2.637908363e+01]
47000 [1.273719430e+00, 2.641811562e+01]
47100 [1.273547649e+00, 2.645858383e+01]
47200 [1.273386836e+00, 2.649880219e+01]
47300 [1.273578763e+00, 2.653769684e+01]
47400 [1.273337007e+00, 2.657797432e+01]
47500 [1.273299694e+00, 2.661740494e+01]
47600 [1.273246765e+00, 2.665615082e+01]
47700 [1.273381233e+00, 2.669519424e+01]
47800 [1.273242831e+00, 2.673314476e+01]
47900 [1.273269653e+00, 2.676964760e+01]
48000 [1.273157477e+00, 2.680743599e+01]
48100 [1.273171306e+00, 2.684547806e+01]
48200 [1.272508979e+00, 2.688408852e+01]
48300 [1.273029327e+00, 2.691906929e+01]
48400 [1.272973776e+00, 2.695570946e+01]
48500 [1.272688627e+00, 2.699356461e+01]
48600 [1.272550464e+00, 2.703122902e+01]
48700 [1.272825360e+00, 2.706731033e+01]
48800 [1.272297025e+00, 2.710513687e+01]
48900 [1.272437930e+00, 2.714260483e+01]
49000 [1.272674918e+00, 2.717720413e+01]
49100 [1.272619605e+00, 2.721323204e+01]
49200 [1.272196770e+00, 2.725027466e+01]
49300 [1.272508860e+00, 2.728290367e+01]
49400 [1.272453547e+00, 2.731736374e+01]
49500 [1.272415400e+00, 2.735262871e+01]
49600 [1.272338748e+00, 2.738929749e+01]
49700 [1.272283912e+00, 2.742476845e+01]
49800 [1.272105694e+00, 2.745996094e+01]
49900 [1.272186637e+00, 2.749490738e+01]
50000 [1.272147298e+00, 2.752890968e+01]
50100 [1.271672249e+00, 2.756350136e+01]
50200 [1.272041321e+00, 2.759775734e+01]
50300 [1.271993041e+00, 2.763099670e+01]
50400 [1.271933436e+00, 2.766414833e+01]
50500 [1.271878719e+00, 2.769825172e+01]
50600 [1.271409512e+00, 2.773236275e+01]
50700 [1.271523714e+00, 2.776444054e+01]
50800 [1.271745324e+00, 2.779703712e+01]
50900 [1.271686435e+00, 2.783076859e+01]
51000 [1.271611691e+00, 2.786275673e+01]
51100 [1.270981193e+00, 2.789485550e+01]
51200 [1.271555185e+00, 2.792630005e+01]
51300 [1.271411180e+00, 2.795923615e+01]
51400 [1.271389365e+00, 2.798877907e+01]
51500 [1.271248817e+00, 2.801961517e+01]
51600 [1.271394253e+00, 2.805077934e+01]
51700 [1.271342397e+00, 2.808310318e+01]
51800 [1.271313190e+00, 2.811342812e+01]
51900 [1.271085858e+00, 2.814425659e+01]
52000 [1.271239996e+00, 2.817502785e+01]
52100 [1.270838618e+00, 2.820596695e+01]
52200 [1.271150827e+00, 2.823440361e+01]
52300 [1.270811081e+00, 2.826449776e+01]
52400 [1.271106362e+00, 2.829454803e+01]
52500 [1.271059990e+00, 2.832358360e+01]
52600 [1.271028042e+00, 2.835288048e+01]
52700 [1.271023750e+00, 2.838286972e+01]
52800 [1.270966291e+00, 2.841326332e+01]
52900 [1.270945430e+00, 2.844206429e+01]
53000 [1.270808101e+00, 2.847192383e+01]
53100 [1.270498514e+00, 2.850229454e+01]
53200 [1.270453691e+00, 2.853071022e+01]
53300 [1.270846725e+00, 2.855949211e+01]
53400 [1.270817280e+00, 2.858746910e+01]
53500 [1.270781755e+00, 2.861552811e+01]
53600 [1.270774603e+00, 2.864431381e+01]
53700 [1.270735025e+00, 2.867351532e+01]
53800 [1.270692587e+00, 2.870118332e+01]
53900 [1.270666122e+00, 2.872848320e+01]
54000 [1.270674586e+00, 2.875682640e+01]
54100 [1.270344019e+00, 2.878588867e+01]
54200 [1.270294189e+00, 2.881188393e+01]
54300 [1.270624042e+00, 2.883831024e+01]
54400 [1.270593882e+00, 2.886624336e+01]
54500 [1.270538211e+00, 2.889466476e+01]
54600 [1.270516992e+00, 2.892057991e+01]
54700 [1.270543694e+00, 2.894742775e+01]
54800 [1.269813538e+00, 2.897592735e+01]
54900 [1.270469904e+00, 2.900289536e+01]
55000 [1.270496964e+00, 2.902885628e+01]
55100 [1.270427942e+00, 2.905614853e+01]
55200 [1.270463228e+00, 2.908377266e+01]
55300 [1.270447493e+00, 2.910923576e+01]
55400 [1.270427227e+00, 2.913551521e+01]
55500 [1.270428777e+00, 2.916225052e+01]
55600 [1.270383596e+00, 2.918724442e+01]
55700 [1.270383000e+00, 2.921175575e+01]
55800 [1.270049572e+00, 2.923733330e+01]
55900 [1.270362496e+00, 2.926299667e+01]
56000 [1.269974113e+00, 2.928900146e+01]
56100 [1.270333171e+00, 2.931306458e+01]
56200 [1.270303249e+00, 2.933839798e+01]
56300 [1.269677162e+00, 2.936462021e+01]
56400 [1.269951344e+00, 2.938867569e+01]
56500 [1.270290852e+00, 2.941353607e+01]
56600 [1.270226240e+00, 2.943812752e+01]
56700 [1.270219684e+00, 2.946234322e+01]
56800 [1.269888639e+00, 2.948770142e+01]
56900 [1.269932270e+00, 2.951309586e+01]
57000 [1.270193815e+00, 2.953621483e+01]
57100 [1.270220041e+00, 2.956055641e+01]
57200 [1.270306706e+00, 2.958539581e+01]
57300 [1.270151138e+00, 2.960728073e+01]
57400 [1.270195603e+00, 2.962992287e+01]
57500 [1.270164847e+00, 2.965348053e+01]
57600 [1.270184755e+00, 2.967741585e+01]
57700 [1.270168781e+00, 2.969980812e+01]
57800 [1.270153761e+00, 2.972240257e+01]
57900 [1.270073652e+00, 2.974585915e+01]
58000 [1.269880056e+00, 2.976973724e+01]
58100 [1.269894481e+00, 2.979179001e+01]
58200 [1.270040274e+00, 2.981439209e+01]
58300 [1.270105958e+00, 2.983761215e+01]
58400 [1.270106196e+00, 2.985909081e+01]
58500 [1.270083904e+00, 2.988106728e+01]
58600 [1.269682765e+00, 2.990398216e+01]
58700 [1.270064950e+00, 2.992559242e+01]
58800 [1.270055890e+00, 2.994678879e+01]
58900 [1.270015597e+00, 2.996850204e+01]
59000 [1.270125866e+00, 2.999039650e+01]
59100 [1.269527555e+00, 3.001133156e+01]
59200 [1.270015836e+00, 3.003159904e+01]
59300 [1.269544721e+00, 3.005357933e+01]
59400 [1.269979596e+00, 3.007322884e+01]
59500 [1.269428372e+00, 3.009395409e+01]
59600 [1.269979119e+00, 3.011263466e+01]
59700 [1.269856691e+00, 3.013295555e+01]
59800 [1.269954920e+00, 3.015317535e+01]
59900 [1.269927740e+00, 3.017256546e+01]
60000 [1.269924045e+00, 3.019168282e+01]
60100 [1.269872785e+00, 3.021142006e+01]
60200 [1.269852519e+00, 3.023133278e+01]
60300 [1.269458175e+00, 3.024996948e+01]
60400 [1.269875646e+00, 3.026806259e+01]
60500 [1.269805908e+00, 3.028729820e+01]
60600 [1.269917488e+00, 3.030635452e+01]
60700 [1.269765377e+00, 3.032364655e+01]
60800 [1.269811749e+00, 3.034148598e+01]
60900 [1.269844651e+00, 3.035962296e+01]
61000 [1.269775629e+00, 3.037758827e+01]
61100 [1.269752502e+00, 3.039477921e+01]
61200 [1.269473195e+00, 3.041239738e+01]
61300 [1.269745946e+00, 3.042951393e+01]
61400 [1.269719839e+00, 3.044572067e+01]
61500 [1.269704103e+00, 3.046183205e+01]
61600 [1.269687533e+00, 3.047829437e+01]
61700 [1.269635201e+00, 3.049505234e+01]
61800 [1.269169569e+00, 3.051166725e+01]
61900 [1.268953085e+00, 3.052699280e+01]
62000 [1.269611001e+00, 3.054141235e+01]
62100 [1.269608736e+00, 3.055693054e+01]
62200 [1.269553185e+00, 3.057188988e+01]
62300 [1.269225359e+00, 3.058675003e+01]
62400 [1.269542575e+00, 3.060065460e+01]
62500 [1.269398808e+00, 3.061567307e+01]
62600 [1.269478679e+00, 3.063042450e+01]
62700 [1.269465089e+00, 3.064380646e+01]
62800 [1.269448400e+00, 3.065767860e+01]
62900 [1.268855810e+00, 3.067246056e+01]
63000 [1.269403100e+00, 3.068551445e+01]
63100 [1.269385219e+00, 3.069824028e+01]
63200 [1.269289494e+00, 3.071156311e+01]
63300 [1.269334435e+00, 3.072469711e+01]
63400 [1.269308686e+00, 3.073641205e+01]
63500 [1.269270182e+00, 3.074837875e+01]
63600 [1.268635154e+00, 3.076124763e+01]
63700 [1.269218683e+00, 3.077279091e+01]
63800 [1.269174218e+00, 3.078427505e+01]
63900 [1.269163966e+00, 3.079564285e+01]
64000 [1.269124985e+00, 3.080725098e+01]
64100 [1.268804312e+00, 3.081864738e+01]
64200 [1.269068956e+00, 3.082890320e+01]
64300 [1.269041657e+00, 3.083972359e+01]
64400 [1.269011259e+00, 3.085064888e+01]
64500 [1.268992662e+00, 3.086062813e+01]
64600 [1.268946290e+00, 3.087081718e+01]
64700 [1.268326163e+00, 3.088172913e+01]
64800 [1.268775463e+00, 3.089104271e+01]
64900 [1.268863559e+00, 3.089989090e+01]
65000 [1.268817902e+00, 3.090933800e+01]
65100 [1.268434048e+00, 3.091913605e+01]
65200 [1.268747449e+00, 3.092755699e+01]
65300 [1.268725872e+00, 3.093611908e+01]
65400 [1.268504739e+00, 3.094513321e+01]
65500 [1.268745661e+00, 3.095351601e+01]
65600 [1.268571973e+00, 3.096151733e+01]
65700 [1.268564820e+00, 3.096963501e+01]
65800 [1.268446922e+00, 3.097768974e+01]
65900 [1.268489838e+00, 3.098528671e+01]
66000 [1.268351912e+00, 3.099304199e+01]
66100 [1.268373609e+00, 3.100032616e+01]
66200 [1.268116713e+00, 3.100752258e+01]
66300 [1.268208623e+00, 3.101431084e+01]
66400 [1.268362403e+00, 3.102110481e+01]
66500 [1.268118739e+00, 3.102756119e+01]
66600 [1.268126011e+00, 3.103384399e+01]
66700 [1.267903566e+00, 3.104044151e+01]
66800 [1.267962694e+00, 3.104645157e+01]
66900 [1.268091202e+00, 3.105183792e+01]
67000 [1.268170834e+00, 3.105721855e+01]
67100 [1.268118262e+00, 3.106303596e+01]
67200 [1.267940998e+00, 3.106819725e+01]
67300 [1.268053293e+00, 3.107294464e+01]
67400 [1.267564893e+00, 3.107841492e+01]
67500 [1.267993808e+00, 3.108266068e+01]
67600 [1.267917991e+00, 3.108700371e+01]
67700 [1.267376184e+00, 3.109188843e+01]
67800 [1.267884731e+00, 3.109548569e+01]
67900 [1.267875195e+00, 3.109948540e+01]
68000 [1.267809391e+00, 3.110305023e+01]
68100 [1.267322898e+00, 3.110714531e+01]
68200 [1.267758965e+00, 3.111009979e+01]
68300 [1.267595887e+00, 3.111351013e+01]
68400 [1.267674327e+00, 3.111659050e+01]
68500 [1.267260313e+00, 3.111998749e+01]
68600 [1.267635107e+00, 3.112211418e+01]
68700 [1.267584801e+00, 3.112488937e+01]
68800 [1.267574072e+00, 3.112731934e+01]
68900 [1.267513871e+00, 3.112989998e+01]
69000 [1.267491221e+00, 3.113172722e+01]
69100 [1.267386913e+00, 3.113400841e+01]
69200 [1.267430782e+00, 3.113566971e+01]
69300 [1.267290592e+00, 3.113707542e+01]
69400 [1.267182231e+00, 3.113867760e+01]
69500 [1.267329931e+00, 3.113959885e+01]
69600 [1.267276168e+00, 3.114099884e+01]
69700 [1.267270088e+00, 3.114182472e+01]
69800 [1.266880512e+00, 3.114278793e+01]
69900 [1.267192960e+00, 3.114295769e+01]
70000 [1.267152309e+00, 3.114357185e+01]
70100 [1.266807437e+00, 3.114394760e+01]
70200 [1.267034650e+00, 3.114386940e+01]
70300 [1.267064214e+00, 3.114358902e+01]
70400 [1.267003894e+00, 3.114358711e+01]
70500 [1.266574860e+00, 3.114339828e+01]
70600 [1.266566157e+00, 3.114273262e+01]
70700 [1.266925454e+00, 3.114157104e+01]
70800 [1.266737700e+00, 3.114095497e+01]
70900 [1.266735077e+00, 3.113964653e+01]
71000 [1.266456962e+00, 3.113858223e+01]
71100 [1.266791344e+00, 3.113683701e+01]
71200 [1.265910268e+00, 3.113635635e+01]
71300 [1.266719699e+00, 3.113361168e+01]
71400 [1.266700029e+00, 3.113138008e+01]
71500 [1.266432524e+00, 3.112976646e+01]
71600 [1.266637564e+00, 3.112710953e+01]
71700 [1.266578197e+00, 3.112458229e+01]
71800 [1.266308904e+00, 3.112256622e+01]
71900 [1.266537428e+00, 3.111943817e+01]
72000 [1.266478062e+00, 3.111670876e+01]
72100 [1.266107440e+00, 3.111367989e+01]
72200 [1.265763760e+00, 3.111094284e+01]
72300 [1.266394377e+00, 3.110686874e+01]
72400 [1.266386628e+00, 3.110297394e+01]
72500 [1.266323090e+00, 3.109934998e+01]
72600 [1.266209245e+00, 3.109606743e+01]
72700 [1.266277909e+00, 3.109197617e+01]
72800 [1.266221523e+00, 3.108812332e+01]
72900 [1.266214728e+00, 3.108347321e+01]
73000 [1.266165733e+00, 3.107885551e+01]
73100 [1.266135693e+00, 3.107444191e+01]
73200 [1.266094804e+00, 3.106978416e+01]
73300 [1.265493870e+00, 3.106540680e+01]
73400 [1.266042471e+00, 3.105945206e+01]
73500 [1.266010284e+00, 3.105408287e+01]
73600 [1.265959501e+00, 3.104882050e+01]
73700 [1.265428782e+00, 3.104365349e+01]
73800 [1.265899420e+00, 3.103722763e+01]
73900 [1.265868664e+00, 3.103145218e+01]
74000 [1.265748858e+00, 3.102572632e+01]
74100 [1.265810013e+00, 3.101919556e+01]
74200 [1.265748382e+00, 3.101286125e+01]
74300 [1.265644431e+00, 3.100613403e+01]
74400 [1.265257597e+00, 3.100020981e+01]
74500 [1.265668511e+00, 3.099280357e+01]
74600 [1.265322089e+00, 3.098611450e+01]
74700 [1.265596867e+00, 3.097882462e+01]
74800 [1.265555143e+00, 3.097187233e+01]
74900 [1.264945149e+00, 3.096521378e+01]
75000 [1.265489578e+00, 3.095700264e+01]
75100 [1.264569402e+00, 3.094989967e+01]
75200 [1.265416265e+00, 3.094172668e+01]
75300 [1.265375733e+00, 3.093467522e+01]
75400 [1.265364528e+00, 3.092666817e+01]
75500 [1.265266895e+00, 3.091881752e+01]
75600 [1.265290260e+00, 3.090988541e+01]
75700 [1.265248775e+00, 3.090112877e+01]
75800 [1.265206814e+00, 3.089283371e+01]
75900 [1.264839411e+00, 3.088444328e+01]
76000 [1.265031934e+00, 3.087481117e+01]
76100 [1.264978409e+00, 3.086619186e+01]
76200 [1.264733195e+00, 3.085746384e+01]
76300 [1.265033364e+00, 3.084773445e+01]
76400 [1.264978647e+00, 3.083835793e+01]
76500 [1.264876246e+00, 3.082933617e+01]
76600 [1.264873147e+00, 3.081951714e+01]
76700 [1.264884114e+00, 3.080951500e+01]
76800 [1.264852881e+00, 3.079958344e+01]
76900 [1.264811397e+00, 3.079030418e+01]
77000 [1.264748693e+00, 3.078059387e+01]
77100 [1.264749169e+00, 3.077001953e+01]
77200 [1.264679790e+00, 3.075987244e+01]
77300 [1.264343023e+00, 3.075000381e+01]
77400 [1.264642715e+00, 3.073942947e+01]
77500 [1.264575005e+00, 3.072930908e+01]
77600 [1.264570117e+00, 3.071826172e+01]
77700 [1.264494658e+00, 3.070735931e+01]
77800 [1.264255285e+00, 3.069565392e+01]
77900 [1.264460444e+00, 3.068445969e+01]
78000 [1.264393806e+00, 3.067370987e+01]
78100 [1.264387369e+00, 3.066189575e+01]
78200 [1.264323592e+00, 3.065037346e+01]
78300 [1.264302850e+00, 3.063960266e+01]
78400 [1.264255285e+00, 3.062841797e+01]
78500 [1.264060736e+00, 3.061650848e+01]
78600 [1.264185667e+00, 3.060446739e+01]
78700 [1.264149904e+00, 3.059235382e+01]
78800 [1.264091253e+00, 3.058104897e+01]
78900 [1.264079928e+00, 3.056878853e+01]
79000 [1.264047027e+00, 3.055646896e+01]
79100 [1.264017701e+00, 3.054380035e+01]
79200 [1.263970137e+00, 3.053199387e+01]
79300 [1.263591647e+00, 3.051967239e+01]
79400 [1.263910532e+00, 3.050636864e+01]
79500 [1.263884902e+00, 3.049350548e+01]
79600 [1.263815761e+00, 3.048188400e+01]
79700 [1.263822436e+00, 3.046922112e+01]
79800 [1.263756514e+00, 3.045657158e+01]
79900 [1.263762712e+00, 3.044277954e+01]
80000 [1.263578773e+00, 3.043004990e+01]
80100 [1.263667464e+00, 3.041744423e+01]
80200 [1.263659477e+00, 3.040382385e+01]
80300 [1.263570905e+00, 3.039075470e+01]
80400 [1.263630390e+00, 3.037695503e+01]
80500 [1.263554692e+00, 3.036388016e+01]
80600 [1.263501525e+00, 3.035065842e+01]
80700 [1.263228893e+00, 3.033666229e+01]
80800 [1.263445735e+00, 3.032318687e+01]
80900 [1.263405204e+00, 3.030980301e+01]
81000 [1.263434768e+00, 3.029543877e+01]
81100 [1.263344288e+00, 3.028169441e+01]
81200 [1.263278961e+00, 3.026765823e+01]
81300 [1.263013482e+00, 3.025415611e+01]
81400 [1.263274908e+00, 3.023933792e+01]
81500 [1.263209820e+00, 3.022485924e+01]
81600 [1.263204575e+00, 3.021006012e+01]
81700 [1.263165951e+00, 3.019598007e+01]
81800 [1.262643337e+00, 3.018173218e+01]
81900 [1.262924075e+00, 3.016602135e+01]
82000 [1.262655377e+00, 3.015219879e+01]
82100 [1.263056874e+00, 3.013727570e+01]
82200 [1.262347817e+00, 3.012286949e+01]
82300 [1.262997866e+00, 3.010707855e+01]
82400 [1.262984753e+00, 3.009211159e+01]
82500 [1.262894273e+00, 3.007765770e+01]
82600 [1.262929797e+00, 3.006201744e+01]
82700 [1.262871385e+00, 3.004748917e+01]
82800 [1.262877703e+00, 3.003322601e+01]
82900 [1.262822747e+00, 3.001893425e+01]
83000 [1.262826324e+00, 3.000329208e+01]
83100 [1.262749434e+00, 2.998795700e+01]
83200 [1.262443662e+00, 2.997209167e+01]
83300 [1.262313366e+00, 2.995724106e+01]
83400 [1.262715936e+00, 2.994111443e+01]
83500 [1.262611270e+00, 2.992533493e+01]
83600 [1.262452006e+00, 2.990943336e+01]
83700 [1.262265682e+00, 2.989426422e+01]
83800 [1.262617588e+00, 2.987773705e+01]
83900 [1.262561798e+00, 2.986161232e+01]
84000 [1.262549281e+00, 2.984535027e+01]
84100 [1.262522697e+00, 2.982959747e+01]
84200 [1.261933208e+00, 2.981368446e+01]
84300 [1.262490988e+00, 2.979701805e+01]
84400 [1.262460709e+00, 2.978120995e+01]
84500 [1.262056708e+00, 2.976575470e+01]
84600 [1.262428164e+00, 2.974863052e+01]
84700 [1.262202263e+00, 2.973200798e+01]
84800 [1.262173772e+00, 2.971450996e+01]
84900 [1.262367368e+00, 2.969775772e+01]
85000 [1.262316465e+00, 2.968120384e+01]
85100 [1.262058020e+00, 2.966366577e+01]
85200 [1.261984229e+00, 2.964751244e+01]
85300 [1.262286901e+00, 2.963020897e+01]
85400 [1.262242794e+00, 2.961301804e+01]
85500 [1.261993170e+00, 2.959641838e+01]
85600 [1.262207747e+00, 2.957973671e+01]
85700 [1.262166500e+00, 2.956284714e+01]
85800 [1.261750460e+00, 2.954544640e+01]
85900 [1.262067080e+00, 2.952885437e+01]
86000 [1.262001634e+00, 2.951204109e+01]
86100 [1.261925101e+00, 2.949420738e+01]
86200 [1.262076020e+00, 2.947750282e+01]
86300 [1.262014389e+00, 2.946080780e+01]
86400 [1.262054682e+00, 2.944289780e+01]
86500 [1.261991024e+00, 2.942616272e+01]
86600 [1.262013078e+00, 2.940931892e+01]
86700 [1.261969805e+00, 2.939254379e+01]
86800 [1.261982083e+00, 2.937448883e+01]
86900 [1.261914849e+00, 2.935765648e+01]
87000 [1.261939049e+00, 2.934048653e+01]
87100 [1.261888266e+00, 2.932339478e+01]
87200 [1.261906385e+00, 2.930509758e+01]
87300 [1.261837006e+00, 2.928798866e+01]
87400 [1.261864662e+00, 2.927063751e+01]
87500 [1.261806369e+00, 2.925340080e+01]
87600 [1.261828184e+00, 2.923481560e+01]
87700 [1.261329412e+00, 2.921680641e+01]
87800 [1.261785388e+00, 2.919941330e+01]
87900 [1.261630774e+00, 2.918262291e+01]
88000 [1.261751652e+00, 2.916426468e+01]
88100 [1.261642098e+00, 2.914516258e+01]
88200 [1.261692762e+00, 2.912856674e+01]
88300 [1.261351347e+00, 2.911203003e+01]
88400 [1.261672378e+00, 2.909418488e+01]
88500 [1.261673331e+00, 2.907540131e+01]
88600 [1.261616826e+00, 2.905680275e+01]
88700 [1.261397600e+00, 2.903757095e+01]
88800 [1.261345148e+00, 2.902013779e+01]
88900 [1.261600137e+00, 2.900129509e+01]
89000 [1.261530399e+00, 2.898273468e+01]
89100 [1.261564136e+00, 2.896273232e+01]
89200 [1.261545300e+00, 2.894415092e+01]
89300 [1.261489511e+00, 2.892645645e+01]
89400 [1.261518240e+00, 2.890727997e+01]
89500 [1.261389017e+00, 2.888836479e+01]
89600 [1.261477470e+00, 2.886871338e+01]
89700 [1.261449814e+00, 2.885018539e+01]
89800 [1.261307240e+00, 2.883252525e+01]
89900 [1.261432528e+00, 2.881334686e+01]
90000 [1.261361122e+00, 2.879416466e+01]
90100 [1.261441231e+00, 2.877362061e+01]
90200 [1.261002421e+00, 2.875571823e+01]
90300 [1.261362076e+00, 2.873650360e+01]
90400 [1.261251807e+00, 2.871748543e+01]
90500 [1.261331081e+00, 2.869701385e+01]
90600 [1.261313558e+00, 2.867745972e+01]
90700 [1.261283994e+00, 2.865888977e+01]
90800 [1.260907054e+00, 2.863988686e+01]
90900 [1.261265397e+00, 2.861899948e+01]
91000 [1.260883927e+00, 2.859993172e+01]
91100 [1.261225581e+00, 2.858040619e+01]
91200 [1.260689497e+00, 2.856118202e+01]
91300 [1.261196136e+00, 2.853996277e+01]
91400 [1.261176586e+00, 2.852030945e+01]
91500 [1.261149406e+00, 2.850175285e+01]
91600 [1.260756016e+00, 2.848280716e+01]
91700 [1.261134624e+00, 2.846191978e+01]
91800 [1.260776281e+00, 2.844217300e+01]
91900 [1.260798931e+00, 2.842430687e+01]
92000 [1.261085033e+00, 2.840526009e+01]
92100 [1.261029363e+00, 2.838604927e+01]
92200 [1.261060715e+00, 2.836545181e+01]
92300 [1.260998964e+00, 2.834559250e+01]
92400 [1.260702014e+00, 2.832591629e+01]
92500 [1.261009812e+00, 2.830604744e+01]
92600 [1.260949969e+00, 2.828634644e+01]
92700 [1.260981202e+00, 2.826539993e+01]
92800 [1.260929585e+00, 2.824580193e+01]
92900 [1.260785460e+00, 2.822663307e+01]
93000 [1.260917544e+00, 2.820678902e+01]
93100 [1.260930061e+00, 2.818558693e+01]
93200 [1.260847926e+00, 2.816653633e+01]
93300 [1.260884881e+00, 2.814690590e+01]
93400 [1.260838389e+00, 2.812771988e+01]
93500 [1.260860443e+00, 2.810753059e+01]
93600 [1.260712624e+00, 2.808760643e+01]
93700 [1.260819316e+00, 2.806681061e+01]
93800 [1.260269403e+00, 2.804643250e+01]
93900 [1.260788918e+00, 2.802661324e+01]
94000 [1.260750055e+00, 2.800739479e+01]
94100 [1.260775685e+00, 2.798670769e+01]
94200 [1.260717273e+00, 2.796627617e+01]
94300 [1.260478020e+00, 2.794459343e+01]
94400 [1.260631204e+00, 2.792496490e+01]
94500 [1.260336041e+00, 2.790511131e+01]
94600 [1.260682583e+00, 2.788370705e+01]
94700 [1.260623813e+00, 2.786261177e+01]
94800 [1.260307789e+00, 2.784156799e+01]
94900 [1.260309458e+00, 2.782146645e+01]
95000 [1.260622859e+00, 2.780006218e+01]
95100 [1.260585070e+00, 2.777871704e+01]
95200 [1.260536194e+00, 2.775724602e+01]
95300 [1.260562539e+00, 2.773727798e+01]
95400 [1.260466814e+00, 2.771667290e+01]
95500 [1.260548711e+00, 2.769468307e+01]
95600 [1.260516405e+00, 2.767410660e+01]
95700 [1.260492206e+00, 2.765383339e+01]
95800 [1.260197520e+00, 2.763301277e+01]
95900 [1.260470748e+00, 2.761046791e+01]
96000 [1.260449767e+00, 2.758967018e+01]
96100 [1.260438800e+00, 2.756863976e+01]
96200 [1.260395050e+00, 2.754692650e+01]
96300 [1.260290504e+00, 2.752503014e+01]
96400 [1.260399580e+00, 2.750435448e+01]
96500 [1.260376692e+00, 2.748315239e+01]
96600 [1.260186911e+00, 2.746150780e+01]
96700 [1.260095000e+00, 2.743963242e+01]
96800 [1.260021925e+00, 2.741870880e+01]
96900 [1.260337710e+00, 2.739626503e+01]
97000 [1.260297298e+00, 2.737512779e+01]
97100 [1.260325789e+00, 2.735435295e+01]
97200 [1.260261416e+00, 2.733401299e+01]
97300 [1.260283351e+00, 2.731177902e+01]
97400 [1.259656310e+00, 2.729008865e+01]
97500 [1.259983182e+00, 2.727034378e+01]
97600 [1.260231376e+00, 2.724997139e+01]
97700 [1.260033965e+00, 2.722969627e+01]
97800 [1.260202765e+00, 2.720771790e+01]
97900 [1.260081768e+00, 2.718490028e+01]
98000 [1.260165691e+00, 2.716460991e+01]
98100 [1.260148525e+00, 2.714412689e+01]
98200 [1.260045409e+00, 2.712288284e+01]
98300 [1.260141015e+00, 2.710023117e+01]
98400 [1.260089278e+00, 2.707941437e+01]
98500 [1.259898901e+00, 2.705879593e+01]
98600 [1.260077119e+00, 2.703736877e+01]
98700 [1.260093689e+00, 2.701459694e+01]
98800 [1.260033011e+00, 2.699390984e+01]
98900 [1.259936213e+00, 2.697286606e+01]
99000 [1.260026693e+00, 2.695150948e+01]
99100 [1.260034561e+00, 2.692875671e+01]
99200 [1.259955883e+00, 2.690829277e+01]
99300 [1.259993434e+00, 2.688727379e+01]
99400 [1.259941578e+00, 2.686623573e+01]
99500 [1.259969592e+00, 2.684407806e+01]
99600 [1.259612322e+00, 2.682247734e+01]
99700 [1.259927988e+00, 2.680086708e+01]
99800 [1.259535432e+00, 2.677915764e+01]
99900 [1.259896398e+00, 2.675752068e+01]
100000 [1.259903073e+00, 2.673485565e+01]
100100 [1.259819388e+00, 2.671338463e+01]
100200 [1.259863615e+00, 2.669161224e+01]
100300 [1.259076715e+00, 2.667024612e+01]
100400 [1.259817123e+00, 2.664693832e+01]
100500 [1.259673476e+00, 2.662345123e+01]
100600 [1.259418249e+00, 2.660285759e+01]
100700 [1.259788990e+00, 2.658077621e+01]
100800 [1.259676933e+00, 2.655867004e+01]
100900 [1.259766221e+00, 2.653510857e+01]
101000 [1.259678483e+00, 2.651301575e+01]
101100 [1.259575963e+00, 2.649140549e+01]
101200 [1.259653449e+00, 2.646875000e+01]
101300 [1.259021878e+00, 2.644622231e+01]
101400 [1.259686708e+00, 2.642399788e+01]
101500 [1.259644151e+00, 2.640241051e+01]
101600 [1.259666800e+00, 2.637944984e+01]
101700 [1.259583592e+00, 2.635721016e+01]
101800 [1.259628654e+00, 2.633386230e+01]
101900 [1.259585261e+00, 2.631141663e+01]
102000 [1.259357691e+00, 2.629075241e+01]
102100 [1.259592056e+00, 2.626830673e+01]
102200 [1.259544492e+00, 2.624585152e+01]
102300 [1.259594321e+00, 2.622187233e+01]
102400 [1.259406686e+00, 2.620017433e+01]
102500 [1.259333253e+00, 2.617798615e+01]
102600 [1.259512067e+00, 2.615476799e+01]
102700 [1.259441495e+00, 2.613181305e+01]
102800 [1.259247065e+00, 2.610923386e+01]
102900 [1.259471774e+00, 2.608690071e+01]
103000 [1.259204268e+00, 2.606475067e+01]
103100 [1.259441733e+00, 2.604134941e+01]
103200 [1.258929253e+00, 2.601844597e+01]
103300 [1.259406328e+00, 2.599436378e+01]
103400 [1.259396434e+00, 2.597160339e+01]
103500 [1.259327888e+00, 2.594931412e+01]
103600 [1.259377003e+00, 2.592550850e+01]
103700 [1.259312034e+00, 2.590294075e+01]
103800 [1.259347200e+00, 2.588059807e+01]
103900 [1.259317636e+00, 2.585816193e+01]
104000 [1.259344220e+00, 2.583418655e+01]
104100 [1.259259462e+00, 2.581238556e+01]
104200 [1.259288192e+00, 2.578953934e+01]
104300 [1.259257078e+00, 2.576734352e+01]
104400 [1.259264946e+00, 2.574443626e+01]
104500 [1.259204507e+00, 2.572196198e+01]
104600 [1.259231806e+00, 2.569807434e+01]
104700 [1.259156466e+00, 2.567411232e+01]
104800 [1.258936524e+00, 2.564883041e+01]
104900 [1.259181857e+00, 2.562514114e+01]
105000 [1.259145260e+00, 2.560175705e+01]
105100 [1.258906484e+00, 2.557752800e+01]
105200 [1.259135365e+00, 2.555487633e+01]
105300 [1.259097934e+00, 2.553244781e+01]
105400 [1.259134412e+00, 2.550850487e+01]
105500 [1.259072065e+00, 2.548502541e+01]
105600 [1.258828282e+00, 2.546092033e+01]
105700 [1.259048939e+00, 2.543804550e+01]
105800 [1.259031534e+00, 2.541461372e+01]
105900 [1.258863568e+00, 2.539065552e+01]
106000 [1.258826733e+00, 2.536611176e+01]
106100 [1.258976221e+00, 2.534276009e+01]
106200 [1.258897781e+00, 2.531888771e+01]
106300 [1.258821964e+00, 2.529402351e+01]
106400 [1.258674264e+00, 2.527154541e+01]
106500 [1.258643389e+00, 2.524817467e+01]
106600 [1.258929133e+00, 2.522357368e+01]
106700 [1.258884549e+00, 2.519952011e+01]
106800 [1.258854508e+00, 2.517528534e+01]
106900 [1.258835196e+00, 2.515191078e+01]
107000 [1.258420706e+00, 2.512798882e+01]
107100 [1.258632302e+00, 2.510266495e+01]
107200 [1.258694410e+00, 2.507937813e+01]
107300 [1.258841991e+00, 2.505483818e+01]
107400 [1.258800626e+00, 2.503023338e+01]
107500 [1.258603215e+00, 2.500629997e+01]
107600 [1.258773088e+00, 2.498264122e+01]
107700 [1.258489132e+00, 2.495863914e+01]
107800 [1.258742571e+00, 2.493295288e+01]
107900 [1.258696318e+00, 2.490932465e+01]
108000 [1.258708835e+00, 2.488605499e+01]
108100 [1.258297920e+00, 2.486180496e+01]
108200 [1.258674502e+00, 2.483685493e+01]
108300 [1.258644938e+00, 2.481222153e+01]
108400 [1.258631110e+00, 2.478890038e+01]
108500 [1.258188605e+00, 2.476497841e+01]
108600 [1.258622646e+00, 2.473917580e+01]
108700 [1.258255482e+00, 2.471590042e+01]
108800 [1.258599997e+00, 2.469128990e+01]
108900 [1.258455515e+00, 2.466687584e+01]
109000 [1.258581042e+00, 2.464138412e+01]
109100 [1.258539200e+00, 2.461774063e+01]
109200 [1.258537889e+00, 2.459401321e+01]
109300 [1.258503795e+00, 2.456952477e+01]
109400 [1.258313060e+00, 2.454426384e+01]
109500 [1.258326292e+00, 2.452072906e+01]
109600 [1.258392930e+00, 2.449617386e+01]
109700 [1.257850647e+00, 2.447171021e+01]
109800 [1.258446455e+00, 2.444739914e+01]
109900 [1.258409858e+00, 2.442339516e+01]
110000 [1.258437991e+00, 2.439782524e+01]
110100 [1.258381844e+00, 2.437440300e+01]
110200 [1.258083105e+00, 2.435116386e+01]
110300 [1.258375883e+00, 2.432592392e+01]
110400 [1.258109093e+00, 2.430157661e+01]
110500 [1.258342862e+00, 2.427799034e+01]
110600 [1.258278012e+00, 2.425445938e+01]
110700 [1.258320093e+00, 2.422951317e+01]
110800 [1.257965207e+00, 2.420537186e+01]
110900 [1.258277059e+00, 2.418219185e+01]
111000 [1.257678151e+00, 2.415927124e+01]
111100 [1.258247137e+00, 2.413456917e+01]
111200 [1.258251429e+00, 2.410902405e+01]
111300 [1.258182526e+00, 2.408569717e+01]
111400 [1.258211136e+00, 2.406278038e+01]
111500 [1.258059621e+00, 2.403963661e+01]
111600 [1.258181930e+00, 2.401474190e+01]
111700 [1.257339239e+00, 2.399010849e+01]
111800 [1.258130908e+00, 2.396628761e+01]
111900 [1.258117795e+00, 2.394233513e+01]
112000 [1.258113146e+00, 2.391868591e+01]
112100 [1.258117199e+00, 2.389344597e+01]
112200 [1.258038759e+00, 2.386964989e+01]
112300 [1.258077502e+00, 2.384528923e+01]
112400 [1.257811308e+00, 2.382114029e+01]
112500 [1.258050919e+00, 2.379663849e+01]
112600 [1.257770419e+00, 2.377268219e+01]
112700 [1.258011341e+00, 2.374773407e+01]
112800 [1.258012056e+00, 2.372175980e+01]
112900 [1.257931113e+00, 2.369897079e+01]
113000 [1.257971525e+00, 2.367617226e+01]
113100 [1.257969141e+00, 2.365226364e+01]
113200 [1.257859349e+00, 2.362960052e+01]
113300 [1.257912278e+00, 2.360488319e+01]
113400 [1.257918239e+00, 2.357894135e+01]
113500 [1.257669210e+00, 2.355210876e+01]
113600 [1.257893443e+00, 2.352787971e+01]
113700 [1.257852912e+00, 2.350382614e+01]
113800 [1.257866025e+00, 2.347797394e+01]
113900 [1.257805347e+00, 2.345273399e+01]
114000 [1.257620335e+00, 2.342663193e+01]
114100 [1.257393479e+00, 2.340261078e+01]
114200 [1.257790804e+00, 2.337697792e+01]
114300 [1.257670760e+00, 2.335133171e+01]
114400 [1.257533193e+00, 2.332480240e+01]
114500 [1.257452965e+00, 2.330039024e+01]
114600 [1.257737517e+00, 2.327440453e+01]
114700 [1.257694364e+00, 2.324854660e+01]
114800 [1.257630229e+00, 2.322220612e+01]
114900 [1.257612705e+00, 2.319775581e+01]
115000 [1.257671118e+00, 2.317174721e+01]
115100 [1.257341862e+00, 2.314664459e+01]
115200 [1.257633686e+00, 2.312278557e+01]
115300 [1.257528424e+00, 2.309895325e+01]
115400 [1.257608056e+00, 2.307338905e+01]
115500 [1.256670713e+00, 2.304826355e+01]
115600 [1.257558227e+00, 2.302313995e+01]
115700 [1.257043600e+00, 2.299888039e+01]
115800 [1.257545590e+00, 2.297361374e+01]
115900 [1.256813526e+00, 2.294902802e+01]
116000 [1.257505059e+00, 2.292268181e+01]
116100 [1.257322311e+00, 2.289595413e+01]
116200 [1.257482648e+00, 2.287217712e+01]
116300 [1.257454634e+00, 2.284829140e+01]
116400 [1.256971002e+00, 2.282387924e+01]
116500 [1.257435679e+00, 2.279738235e+01]
116600 [1.256942034e+00, 2.277188110e+01]
116700 [1.257405281e+00, 2.274728966e+01]
116800 [1.257359505e+00, 2.272279167e+01]
116900 [1.257382154e+00, 2.269664001e+01]
117000 [1.257321835e+00, 2.267067719e+01]
117100 [1.257383108e+00, 2.264374542e+01]
117200 [1.257328391e+00, 2.261895180e+01]
117300 [1.257307291e+00, 2.259365463e+01]
117400 [1.257080674e+00, 2.256761169e+01]
117500 [1.257379174e+00, 2.253997993e+01]
117600 [1.257052302e+00, 2.251540184e+01]
117700 [1.257133842e+00, 2.248939133e+01]
117800 [1.257228851e+00, 2.246278381e+01]
117900 [1.257137179e+00, 2.243659973e+01]
118000 [1.257079601e+00, 2.241231537e+01]
118100 [1.257182121e+00, 2.238700867e+01]
118200 [1.257111311e+00, 2.236095810e+01]
118300 [1.257008195e+00, 2.233359146e+01]
118400 [1.257012010e+00, 2.230884171e+01]
118500 [1.257127643e+00, 2.228275681e+01]
118600 [1.257083416e+00, 2.225651360e+01]
118700 [1.256931663e+00, 2.222903824e+01]
118800 [1.256724834e+00, 2.220501328e+01]
118900 [1.257059216e+00, 2.217911720e+01]
119000 [1.256185770e+00, 2.215384483e+01]
119100 [1.257008910e+00, 2.212628365e+01]
119200 [1.256737351e+00, 2.209828377e+01]
119300 [1.256995797e+00, 2.207345390e+01]
119400 [1.256960034e+00, 2.204876328e+01]
119500 [1.256973743e+00, 2.202231979e+01]
119600 [1.256920815e+00, 2.199594116e+01]
119700 [1.256759286e+00, 2.196825027e+01]
119800 [1.256723046e+00, 2.194323158e+01]
119900 [1.256901383e+00, 2.191724586e+01]
120000 [1.256868839e+00, 2.189068985e+01]
120100 [1.256640673e+00, 2.186340141e+01]
120200 [1.256799579e+00, 2.183815002e+01]
120300 [1.256840348e+00, 2.181155205e+01]
120400 [1.256684899e+00, 2.178523827e+01]
120500 [1.256803036e+00, 2.175887680e+01]
120600 [1.256772518e+00, 2.173334885e+01]
120700 [1.256208539e+00, 2.170837593e+01]
120800 [1.256750941e+00, 2.168150330e+01]
120900 [1.255949616e+00, 2.165510750e+01]
121000 [1.256711721e+00, 2.162938881e+01]
121100 [1.256498933e+00, 2.160427284e+01]
121200 [1.256695986e+00, 2.157752419e+01]
121300 [1.256529212e+00, 2.155119705e+01]
121400 [1.256660104e+00, 2.152486038e+01]
121500 [1.256632328e+00, 2.149887276e+01]
121600 [1.256676316e+00, 2.147208214e+01]
121700 [1.256589651e+00, 2.144646645e+01]
121800 [1.256602526e+00, 2.141923904e+01]
121900 [1.256554604e+00, 2.139202118e+01]
122000 [1.256348610e+00, 2.136388397e+01]
122100 [1.256575465e+00, 2.133669281e+01]
122200 [1.256507277e+00, 2.131042480e+01]
122300 [1.256182909e+00, 2.128317070e+01]
122400 [1.256493926e+00, 2.125784683e+01]
122500 [1.256462693e+00, 2.123244667e+01]
122600 [1.256125093e+00, 2.120642662e+01]
122700 [1.256445289e+00, 2.117858696e+01]
122800 [1.256384850e+00, 2.115194702e+01]
122900 [1.256385922e+00, 2.112673950e+01]
123000 [1.256102324e+00, 2.110106850e+01]
123100 [1.256379843e+00, 2.107371330e+01]
123200 [1.256320596e+00, 2.104693604e+01]
123300 [1.256336331e+00, 2.101914215e+01]
123400 [1.256323934e+00, 2.099314690e+01]
123500 [1.256300926e+00, 2.096695900e+01]
123600 [1.256216764e+00, 2.093979073e+01]
123700 [1.256073952e+00, 2.091184998e+01]
123800 [1.256233931e+00, 2.088632393e+01]
123900 [1.255863428e+00, 2.086014938e+01]
124000 [1.256222010e+00, 2.083233452e+01]
124100 [1.256169915e+00, 2.080535316e+01]
124200 [1.256183147e+00, 2.077956390e+01]
124300 [1.256140351e+00, 2.075309753e+01]
124400 [1.256159186e+00, 2.072492981e+01]
124500 [1.255953908e+00, 2.069867516e+01]
124600 [1.256104350e+00, 2.067223930e+01]
124700 [1.256093979e+00, 2.064531326e+01]
124800 [1.255630612e+00, 2.061832237e+01]
124900 [1.256067991e+00, 2.059316635e+01]
125000 [1.256025553e+00, 2.056818390e+01]
125100 [1.256042123e+00, 2.054138184e+01]
125200 [1.255786300e+00, 2.051467705e+01]
125300 [1.255996108e+00, 2.048645210e+01]
125400 [1.255956650e+00, 2.045918846e+01]
125500 [1.255773187e+00, 2.043393707e+01]
125600 [1.255954742e+00, 2.040674210e+01]
125700 [1.255871773e+00, 2.037965012e+01]
125800 [1.255914688e+00, 2.035085106e+01]
125900 [1.255894542e+00, 2.032390594e+01]
126000 [1.255847096e+00, 2.029769325e+01]
126100 [1.255866051e+00, 2.026981735e+01]
126200 [1.255682588e+00, 2.024326324e+01]
126300 [1.255825162e+00, 2.021843147e+01]
126400 [1.255795002e+00, 2.019320869e+01]
126500 [1.255797744e+00, 2.016624641e+01]
126600 [1.255761743e+00, 2.013908386e+01]
126700 [1.255437732e+00, 2.011104202e+01]
126800 [1.255718112e+00, 2.008572960e+01]
126900 [1.255241752e+00, 2.006034279e+01]
127000 [1.255700469e+00, 2.003262711e+01]
127100 [1.255018830e+00, 2.000576782e+01]
127200 [1.255661249e+00, 1.997987747e+01]
127300 [1.255572796e+00, 1.995422745e+01]
127400 [1.255635738e+00, 1.992677879e+01]
127500 [1.255460143e+00, 1.989979935e+01]
127600 [1.255593657e+00, 1.987310410e+01]
127700 [1.255540729e+00, 1.984705353e+01]
127800 [1.255565643e+00, 1.982036209e+01]
127900 [1.255514264e+00, 1.979384804e+01]
128000 [1.255529642e+00, 1.976569557e+01]
128100 [1.255473495e+00, 1.973952293e+01]
128200 [1.255360723e+00, 1.971413231e+01]
128300 [1.255471945e+00, 1.968692589e+01]
128400 [1.255431414e+00, 1.965941429e+01]
128500 [1.255235434e+00, 1.963132286e+01]
128600 [1.255397558e+00, 1.960565376e+01]
128700 [1.255327702e+00, 1.957921982e+01]
128800 [1.255390525e+00, 1.955116272e+01]
128900 [1.255329609e+00, 1.952381325e+01]
129000 [1.255092978e+00, 1.949604416e+01]
129100 [1.254984856e+00, 1.947036552e+01]
129200 [1.255300641e+00, 1.944307327e+01]
129300 [1.255219817e+00, 1.941549301e+01]
129400 [1.255375981e+00, 1.938622665e+01]
129500 [1.254815340e+00, 1.936112213e+01]
129600 [1.255216002e+00, 1.933428001e+01]
129700 [1.255208731e+00, 1.930625916e+01]
129800 [1.255155921e+00, 1.927902412e+01]
129900 [1.254844308e+00, 1.925105095e+01]
130000 [1.255101085e+00, 1.922457504e+01]
130100 [1.255127072e+00, 1.919754028e+01]
130200 [1.255062580e+00, 1.916967010e+01]
130300 [1.254921317e+00, 1.914130592e+01]
130400 [1.255016208e+00, 1.911494827e+01]
130500 [1.254671216e+00, 1.908779716e+01]
130600 [1.255025983e+00, 1.905901909e+01]
130700 [1.254649282e+00, 1.903225136e+01]
130800 [1.254987836e+00, 1.900484848e+01]
130900 [1.254841685e+00, 1.897718811e+01]
131000 [1.254816532e+00, 1.894821739e+01]
131100 [1.254618406e+00, 1.892233086e+01]
131200 [1.254913330e+00, 1.889479828e+01]
131300 [1.254869819e+00, 1.886704826e+01]
131400 [1.254762053e+00, 1.883867264e+01]
131500 [1.254837394e+00, 1.881206894e+01]
131600 [1.254669189e+00, 1.878464127e+01]
131700 [1.254614711e+00, 1.875585365e+01]
131800 [1.254770398e+00, 1.872912979e+01]
131900 [1.254735708e+00, 1.870161629e+01]
132000 [1.254459739e+00, 1.867370796e+01]
132100 [1.254382253e+00, 1.864685059e+01]
132200 [1.254710197e+00, 1.861831856e+01]
132300 [1.254662156e+00, 1.859126663e+01]
132400 [1.254637599e+00, 1.856451225e+01]
132500 [1.254672289e+00, 1.853608894e+01]
132600 [1.254605770e+00, 1.850924683e+01]
132700 [1.254483461e+00, 1.848244095e+01]
132800 [1.254586697e+00, 1.845489311e+01]
132900 [1.254536748e+00, 1.842769051e+01]
133000 [1.254611135e+00, 1.839895821e+01]
133100 [1.254511714e+00, 1.837339020e+01]
133200 [1.254488349e+00, 1.834733391e+01]
133300 [1.254284859e+00, 1.832047844e+01]
133400 [1.254461288e+00, 1.829187775e+01]
133500 [1.254413962e+00, 1.826506615e+01]
133600 [1.254399776e+00, 1.823897934e+01]
133700 [1.254164815e+00, 1.821201515e+01]
133800 [1.254381776e+00, 1.818309975e+01]
133900 [1.254276872e+00, 1.815645409e+01]
134000 [1.253979206e+00, 1.812997055e+01]
134100 [1.254308581e+00, 1.810152435e+01]
134200 [1.254265070e+00, 1.807445717e+01]
134300 [1.254040003e+00, 1.804805183e+01]
134400 [1.254248261e+00, 1.801965714e+01]
134500 [1.254185438e+00, 1.799267197e+01]
134600 [1.253766656e+00, 1.796674156e+01]
134700 [1.254179001e+00, 1.793873215e+01]
134800 [1.253811240e+00, 1.791131592e+01]
134900 [1.254135013e+00, 1.788459396e+01]
135000 [1.254083872e+00, 1.785782433e+01]
135100 [1.254101992e+00, 1.782937622e+01]
135200 [1.254037499e+00, 1.780314445e+01]
135300 [1.253963709e+00, 1.777661324e+01]
135400 [1.254019618e+00, 1.774942970e+01]
135500 [1.253752589e+00, 1.772095108e+01]
135600 [1.253971696e+00, 1.769502258e+01]
135700 [1.253887415e+00, 1.766874313e+01]
135800 [1.253941417e+00, 1.764068031e+01]
135900 [1.253867745e+00, 1.761321640e+01]
136000 [1.253893495e+00, 1.758562851e+01]
136100 [1.253836155e+00, 1.756036568e+01]
136200 [1.253853559e+00, 1.753472328e+01]
136300 [1.253764510e+00, 1.750906944e+01]
136400 [1.253803372e+00, 1.748196411e+01]
136500 [1.253785253e+00, 1.745353889e+01]
136600 [1.253716350e+00, 1.742702484e+01]
136700 [1.253735304e+00, 1.739930534e+01]
136800 [1.253660440e+00, 1.737305641e+01]
136900 [1.253692746e+00, 1.734722519e+01]
137000 [1.253648877e+00, 1.732098389e+01]
137100 [1.253652692e+00, 1.729289436e+01]
137200 [1.253587723e+00, 1.726503372e+01]
137300 [1.253369451e+00, 1.723633385e+01]
137400 [1.253517509e+00, 1.720999527e+01]
137500 [1.253533721e+00, 1.718340683e+01]
137600 [1.253530383e+00, 1.715496635e+01]
137700 [1.253445864e+00, 1.712880707e+01]
137800 [1.253477931e+00, 1.710297585e+01]
137900 [1.253416896e+00, 1.707687569e+01]
138000 [1.253433347e+00, 1.704896164e+01]
138100 [1.253153205e+00, 1.702181053e+01]
138200 [1.253376007e+00, 1.699588966e+01]
138300 [1.253041863e+00, 1.697008324e+01]
138400 [1.253331780e+00, 1.694228745e+01]
138500 [1.252931595e+00, 1.691411400e+01]
138600 [1.253268123e+00, 1.688815498e+01]
138700 [1.252740741e+00, 1.686230850e+01]
138800 [1.253230453e+00, 1.683418846e+01]
138900 [1.252929330e+00, 1.680540085e+01]
139000 [1.253167152e+00, 1.678020859e+01]
139100 [1.252843380e+00, 1.675504494e+01]
139200 [1.253135443e+00, 1.672759247e+01]
139300 [1.252535582e+00, 1.670041656e+01]
139400 [1.253078461e+00, 1.667090225e+01]
139500 [1.253033996e+00, 1.664325142e+01]
139600 [1.253014922e+00, 1.661672783e+01]
139700 [1.252587199e+00, 1.658938026e+01]
139800 [1.252940893e+00, 1.655983925e+01]
139900 [1.252707958e+00, 1.653309631e+01]
140000 [1.252930522e+00, 1.650475121e+01]
140100 [1.252877593e+00, 1.647628784e+01]
140200 [1.252837777e+00, 1.644806671e+01]
140300 [1.252822638e+00, 1.642140007e+01]
140400 [1.252843380e+00, 1.639303398e+01]
140500 [1.252776265e+00, 1.636470795e+01]
140600 [1.252705812e+00, 1.633611679e+01]
140700 [1.252303362e+00, 1.630997658e+01]
140800 [1.252710938e+00, 1.628144646e+01]
140900 [1.252246499e+00, 1.625381660e+01]
141000 [1.252657771e+00, 1.622738838e+01]
141100 [1.252612591e+00, 1.620091057e+01]
141200 [1.252611876e+00, 1.617258072e+01]
141300 [1.252543688e+00, 1.614504623e+01]
141400 [1.252572656e+00, 1.611657143e+01]
141500 [1.252518296e+00, 1.609096718e+01]
141600 [1.252336860e+00, 1.606504059e+01]
141700 [1.252464533e+00, 1.603720856e+01]
141800 [1.252464175e+00, 1.600806999e+01]
141900 [1.252393126e+00, 1.598245430e+01]
142000 [1.252368212e+00, 1.595664406e+01]
142100 [1.251905203e+00, 1.592999744e+01]
142200 [1.252326727e+00, 1.590123463e+01]
142300 [1.252037406e+00, 1.587354469e+01]
142400 [1.252139449e+00, 1.584841347e+01]
142500 [1.252005577e+00, 1.582212639e+01]
142600 [1.252211809e+00, 1.579459763e+01]
142700 [1.251565814e+00, 1.576711464e+01]
142800 [1.252150774e+00, 1.573895168e+01]
142900 [1.252081394e+00, 1.571188641e+01]
143000 [1.251901984e+00, 1.568507195e+01]
143100 [1.252063394e+00, 1.565725040e+01]
143200 [1.251519442e+00, 1.562950039e+01]
143300 [1.252009630e+00, 1.560285568e+01]
143400 [1.251966596e+00, 1.557616711e+01]
143500 [1.251564384e+00, 1.554831409e+01]
143600 [1.251912355e+00, 1.551929379e+01]
143700 [1.251830578e+00, 1.549174595e+01]
143800 [1.251831651e+00, 1.546667004e+01]
143900 [1.251716018e+00, 1.544021034e+01]
144000 [1.251797318e+00, 1.541278458e+01]
144100 [1.251233816e+00, 1.538509941e+01]
144200 [1.251733899e+00, 1.535691357e+01]
144300 [1.251689672e+00, 1.532999420e+01]
144400 [1.251190543e+00, 1.530342579e+01]
144500 [1.251642823e+00, 1.527474594e+01]
144600 [1.251321554e+00, 1.524704456e+01]
144700 [1.251587629e+00, 1.522000885e+01]
144800 [1.251540184e+00, 1.519266033e+01]
144900 [1.251005173e+00, 1.516487312e+01]
145000 [1.251480937e+00, 1.513770771e+01]
145100 [1.251423955e+00, 1.511101151e+01]
145200 [1.251425385e+00, 1.508312321e+01]
145300 [1.251342416e+00, 1.505589676e+01]
145400 [1.251358032e+00, 1.502869129e+01]
145500 [1.251290083e+00, 1.500124168e+01]
145600 [1.251294851e+00, 1.497224140e+01]
145700 [1.251232147e+00, 1.494532013e+01]
145800 [1.250771403e+00, 1.491903687e+01]
145900 [1.251188874e+00, 1.489039230e+01]
146000 [1.251023412e+00, 1.486272621e+01]
146100 [1.251120210e+00, 1.483619881e+01]
146200 [1.251080155e+00, 1.480912781e+01]
146300 [1.250473380e+00, 1.478126907e+01]
146400 [1.251010299e+00, 1.475293732e+01]
146500 [1.250933051e+00, 1.472573853e+01]
146600 [1.250470757e+00, 1.469930172e+01]
146700 [1.250914335e+00, 1.467073345e+01]
146800 [1.250758767e+00, 1.464295197e+01]
146900 [1.250843525e+00, 1.461610699e+01]
147000 [1.250792742e+00, 1.458906078e+01]
147100 [1.250801682e+00, 1.456029224e+01]
147200 [1.250726104e+00, 1.453385353e+01]
147300 [1.250413060e+00, 1.450706005e+01]
147400 [1.250665784e+00, 1.447836494e+01]
147500 [1.250491023e+00, 1.445071793e+01]
147600 [1.250593066e+00, 1.442419243e+01]
147700 [1.250537038e+00, 1.439734364e+01]
147800 [1.250522375e+00, 1.436856079e+01]
147900 [1.250448465e+00, 1.434177971e+01]
148000 [1.250000477e+00, 1.431633949e+01]
148100 [1.250407219e+00, 1.428841877e+01]
148200 [1.250023484e+00, 1.426066208e+01]
148300 [1.250324368e+00, 1.423103905e+01]
148400 [1.250287533e+00, 1.420384407e+01]
148500 [1.250245333e+00, 1.417678261e+01]
148600 [1.249809861e+00, 1.414897823e+01]
148700 [1.250245690e+00, 1.411884022e+01]
148800 [1.250080466e+00, 1.409176826e+01]
148900 [1.250089169e+00, 1.406414700e+01]
149000 [1.249427915e+00, 1.403627110e+01]
149100 [1.250012636e+00, 1.400942421e+01]
149200 [1.249947071e+00, 1.398278236e+01]
149300 [1.249937177e+00, 1.395426369e+01]
149400 [1.249853849e+00, 1.392696381e+01]
149500 [1.249491692e+00, 1.390112495e+01]
149600 [1.249810457e+00, 1.387344837e+01]
149700 [1.249155879e+00, 1.384583855e+01]
149800 [1.249725580e+00, 1.381649399e+01]
149900 [1.249677420e+00, 1.378906345e+01]
150000 [1.249623299e+00, 1.376178646e+01]
150100 [1.249577522e+00, 1.373270130e+01]
150200 [1.249544621e+00, 1.370650768e+01]
150300 [1.249489903e+00, 1.368001747e+01]
150400 [1.249481559e+00, 1.365176296e+01]
150500 [1.249411583e+00, 1.362333679e+01]
150600 [1.249337316e+00, 1.359509182e+01]
150700 [1.249330044e+00, 1.356821251e+01]
150800 [1.249113202e+00, 1.354037189e+01]
150900 [1.248972893e+00, 1.351111507e+01]
151000 [1.249177814e+00, 1.348401165e+01]
151100 [1.248759866e+00, 1.345644760e+01]
151200 [1.248904943e+00, 1.342687607e+01]
151300 [1.248898029e+00, 1.340021706e+01]
151400 [1.249024034e+00, 1.337195778e+01]
151500 [1.248807788e+00, 1.334436512e+01]
151600 [1.248931408e+00, 1.331795406e+01]
151700 [1.248842001e+00, 1.329148769e+01]
151800 [1.248843908e+00, 1.326342297e+01]
151900 [1.248654485e+00, 1.323589897e+01]
152000 [1.248748183e+00, 1.320921707e+01]
152100 [1.248663902e+00, 1.318225956e+01]
152200 [1.248653531e+00, 1.315336990e+01]
152300 [1.248557091e+00, 1.312540054e+01]
152400 [1.248485804e+00, 1.309912205e+01]
152500 [1.248509884e+00, 1.307107162e+01]
152600 [1.248431563e+00, 1.304274178e+01]
152700 [1.248331547e+00, 1.301421356e+01]
152800 [1.248333097e+00, 1.298733425e+01]
152900 [1.247884274e+00, 1.295964813e+01]
153000 [1.248140097e+00, 1.293000317e+01]
153100 [1.247806311e+00, 1.290333652e+01]
153200 [1.248149037e+00, 1.287441730e+01]
153300 [1.247981906e+00, 1.284617138e+01]
153400 [1.248013258e+00, 1.281991100e+01]
153500 [1.247712255e+00, 1.279279804e+01]
153600 [1.247977257e+00, 1.276354218e+01]
153700 [1.247745514e+00, 1.273677921e+01]
153800 [1.247548103e+00, 1.270925903e+01]
153900 [1.247652173e+00, 1.268002701e+01]
154000 [1.247653961e+00, 1.265332127e+01]
154100 [1.247619867e+00, 1.262565136e+01]
154200 [1.247386336e+00, 1.259712505e+01]
154300 [1.247462511e+00, 1.256839848e+01]
154400 [1.247412562e+00, 1.253951550e+01]
154500 [1.247417927e+00, 1.251128864e+01]
154600 [1.247327209e+00, 1.248318481e+01]
154700 [1.247233748e+00, 1.245629501e+01]
154800 [1.247306108e+00, 1.242758751e+01]
154900 [1.247216463e+00, 1.239997387e+01]
155000 [1.247155786e+00, 1.237271786e+01]
155100 [1.246809244e+00, 1.234567165e+01]
155200 [1.247046471e+00, 1.231689453e+01]
155300 [1.246916533e+00, 1.228922462e+01]
155400 [1.246928334e+00, 1.226323509e+01]
155500 [1.246869326e+00, 1.223616791e+01]
155600 [1.246792912e+00, 1.220802212e+01]
155700 [1.246666193e+00, 1.217965412e+01]
155800 [1.246691108e+00, 1.215266228e+01]
155900 [1.246628881e+00, 1.212464428e+01]
156000 [1.246543407e+00, 1.209689140e+01]
156100 [1.246503115e+00, 1.206972313e+01]
156200 [1.246438742e+00, 1.204140854e+01]
156300 [1.246260285e+00, 1.201371861e+01]
156400 [1.246306658e+00, 1.198591328e+01]
156500 [1.246246457e+00, 1.195731735e+01]
156600 [1.245916367e+00, 1.192993927e+01]
156700 [1.246135592e+00, 1.190134907e+01]
156800 [1.246049285e+00, 1.187422752e+01]
156900 [1.245972872e+00, 1.184689045e+01]
157000 [1.245529294e+00, 1.181894398e+01]
157100 [1.245722532e+00, 1.179188633e+01]
157200 [1.245800972e+00, 1.176391029e+01]
157300 [1.245705009e+00, 1.173661900e+01]
157400 [1.245383143e+00, 1.171002102e+01]
157500 [1.245604038e+00, 1.168162823e+01]
157600 [1.245509505e+00, 1.165457058e+01]
157700 [1.245027900e+00, 1.162819672e+01]
157800 [1.245398760e+00, 1.159942722e+01]
157900 [1.245281339e+00, 1.157209301e+01]
158000 [1.245189071e+00, 1.154621696e+01]
158100 [1.245195866e+00, 1.151849556e+01]
158200 [1.245093465e+00, 1.149056339e+01]
158300 [1.244942069e+00, 1.146224117e+01]
158400 [1.244552255e+00, 1.143627739e+01]
158500 [1.244903684e+00, 1.140786648e+01]
158600 [1.244424462e+00, 1.137985516e+01]
158700 [1.244427800e+00, 1.135416126e+01]
158800 [1.244693518e+00, 1.132672405e+01]
158900 [1.244603395e+00, 1.129894352e+01]
159000 [1.244456649e+00, 1.127103806e+01]
159100 [1.244466424e+00, 1.124403763e+01]
159200 [1.244378328e+00, 1.121610355e+01]
159300 [1.244094014e+00, 1.118861580e+01]
159400 [1.244237065e+00, 1.116111469e+01]
159500 [1.244143486e+00, 1.113299942e+01]
159600 [1.243889689e+00, 1.110578346e+01]
159700 [1.243976116e+00, 1.107851601e+01]
159800 [1.243919134e+00, 1.105037880e+01]
159900 [1.243721247e+00, 1.102388000e+01]
160000 [1.243755221e+00, 1.099736500e+01]
160100 [1.243470311e+00, 1.096998119e+01]
160200 [1.243443489e+00, 1.094191265e+01]
160300 [1.243510842e+00, 1.091509724e+01]
160400 [1.243454337e+00, 1.088719273e+01]
160500 [1.243249536e+00, 1.085966969e+01]
160600 [1.243271947e+00, 1.083225060e+01]
160700 [1.243162751e+00, 1.080560970e+01]
160800 [1.243051648e+00, 1.077817535e+01]
160900 [1.243013501e+00, 1.075056553e+01]
161000 [1.242878914e+00, 1.072252178e+01]
161100 [1.242680311e+00, 1.069597626e+01]
161200 [1.242773652e+00, 1.066773033e+01]
161300 [1.242658377e+00, 1.064195251e+01]
161400 [1.242408156e+00, 1.061596489e+01]
161500 [1.242499709e+00, 1.058808327e+01]
161600 [1.242320538e+00, 1.056155396e+01]
161700 [1.241992712e+00, 1.053633785e+01]
161800 [1.242235065e+00, 1.050936985e+01]
161900 [1.241829872e+00, 1.048227024e+01]
162000 [1.242039084e+00, 1.045413685e+01]
162100 [1.241958499e+00, 1.042791557e+01]
162200 [1.241857052e+00, 1.040127468e+01]
162300 [1.241062403e+00, 1.037433434e+01]
162400 [1.241677880e+00, 1.034790134e+01]
162500 [1.241433263e+00, 1.032302094e+01]
162600 [1.241506577e+00, 1.029798031e+01]
162700 [1.241416216e+00, 1.027177525e+01]
162800 [1.241296172e+00, 1.024644279e+01]
162900 [1.241228223e+00, 1.021925735e+01]
163000 [1.240473270e+00, 1.019263649e+01]
163100 [1.241037250e+00, 1.016851521e+01]
163200 [1.240930319e+00, 1.014458275e+01]
163300 [1.240860581e+00, 1.011880398e+01]
163400 [1.240735650e+00, 1.009267998e+01]
163500 [1.240655780e+00, 1.006457710e+01]
163600 [1.240481973e+00, 1.003902435e+01]
163700 [1.240459442e+00, 1.001452160e+01]
163800 [1.240333915e+00, 9.989657402e+00]
163900 [1.240259528e+00, 9.962690353e+00]
164000 [1.239815831e+00, 9.935149193e+00]
164100 [1.240048409e+00, 9.911737442e+00]
164200 [1.239930153e+00, 9.888014793e+00]
164300 [1.239862680e+00, 9.862459183e+00]
164400 [1.239731431e+00, 9.836540222e+00]
164500 [1.239634633e+00, 9.808630943e+00]
164600 [1.239363313e+00, 9.783414841e+00]
164700 [1.239415288e+00, 9.756932259e+00]
164800 [1.239310741e+00, 9.729933739e+00]
164900 [1.239158511e+00, 9.703659058e+00]
165000 [1.239093542e+00, 9.678755760e+00]
165100 [1.238964319e+00, 9.652783394e+00]
165200 [1.238586307e+00, 9.625710487e+00]
165300 [1.238530397e+00, 9.600739479e+00]
165400 [1.238300443e+00, 9.574685097e+00]
165500 [1.238303781e+00, 9.547272682e+00]
165600 [1.238404155e+00, 9.521326065e+00]
165700 [1.238277912e+00, 9.494874954e+00]
165800 [1.238127351e+00, 9.468013763e+00]
165900 [1.238047123e+00, 9.442398071e+00]
166000 [1.237906694e+00, 9.415958405e+00]
166100 [1.237734199e+00, 9.388895988e+00]
166200 [1.237621784e+00, 9.363631248e+00]
166300 [1.237559676e+00, 9.336524963e+00]
166400 [1.237424970e+00, 9.311054230e+00]
166500 [1.237313628e+00, 9.286138535e+00]
166600 [1.237179279e+00, 9.260319710e+00]
166700 [1.236826658e+00, 9.233758926e+00]
166800 [1.236780167e+00, 9.209071159e+00]
166900 [1.236507893e+00, 9.183628082e+00]
167000 [1.236524940e+00, 9.156367302e+00]
167100 [1.236506820e+00, 9.131412506e+00]
167200 [1.236416698e+00, 9.104944229e+00]
167300 [1.236271381e+00, 9.079922676e+00]
167400 [1.236034632e+00, 9.055236816e+00]
167500 [1.236033082e+00, 9.029969215e+00]
167600 [1.235873103e+00, 9.004823685e+00]
167700 [1.235795379e+00, 8.978203773e+00]
167800 [1.235582352e+00, 8.954115868e+00]
167900 [1.235493302e+00, 8.929377556e+00]
168000 [1.235319734e+00, 8.903761864e+00]
168100 [1.235003710e+00, 8.877423286e+00]
168200 [1.235038042e+00, 8.852900505e+00]
168300 [1.234944940e+00, 8.826835632e+00]
168400 [1.234774351e+00, 8.801109314e+00]
168500 [1.234637737e+00, 8.776335716e+00]
168600 [1.234483838e+00, 8.752214432e+00]
168700 [1.234381795e+00, 8.726272583e+00]
168800 [1.234200239e+00, 8.700847626e+00]
168900 [1.234055519e+00, 8.676079750e+00]
169000 [1.233905792e+00, 8.651378632e+00]
169100 [1.233650804e+00, 8.626185417e+00]
169200 [1.233370900e+00, 8.601755142e+00]
169300 [1.233471036e+00, 8.576905251e+00]
169400 [1.233300209e+00, 8.552197456e+00]
169500 [1.232939363e+00, 8.527061462e+00]
169600 [1.232898712e+00, 8.503555298e+00]
169700 [1.232866526e+00, 8.478475571e+00]
169800 [1.232689142e+00, 8.453229904e+00]
169900 [1.232532740e+00, 8.428336143e+00]
170000 [1.232373476e+00, 8.404063225e+00]
170100 [1.232001305e+00, 8.379560471e+00]
170200 [1.231650710e+00, 8.356589317e+00]
170300 [1.231904864e+00, 8.331699371e+00]
170400 [1.231652379e+00, 8.307729721e+00]
170500 [1.231585503e+00, 8.284584045e+00]
170600 [1.231422305e+00, 8.261048317e+00]
170700 [1.230759263e+00, 8.236932755e+00]
170800 [1.231100798e+00, 8.213817596e+00]
170900 [1.230920792e+00, 8.190905571e+00]
171000 [1.230772853e+00, 8.166043282e+00]
171100 [1.230582237e+00, 8.142913818e+00]
171200 [1.230410576e+00, 8.120487213e+00]
171300 [1.230272412e+00, 8.096332550e+00]
171400 [1.230076194e+00, 8.072122574e+00]
171500 [1.229877830e+00, 8.047925949e+00]
171600 [1.229722977e+00, 8.024991989e+00]
171700 [1.229056835e+00, 8.001387596e+00]
171800 [1.229277849e+00, 7.976303101e+00]
171900 [1.228972793e+00, 7.953523159e+00]
172000 [1.229038119e+00, 7.928908348e+00]
172100 [1.228839636e+00, 7.906672478e+00]
172200 [1.228652596e+00, 7.883821011e+00]
172300 [1.228325129e+00, 7.859650612e+00]
172400 [1.228027582e+00, 7.838264465e+00]
172500 [1.228120923e+00, 7.815144062e+00]
172600 [1.227919102e+00, 7.791726112e+00]
172700 [1.227725148e+00, 7.768441677e+00]
172800 [1.227546096e+00, 7.746065617e+00]
172900 [1.226767540e+00, 7.723343372e+00]
173000 [1.227176428e+00, 7.701874256e+00]
173100 [1.226502180e+00, 7.681502819e+00]
173200 [1.226812243e+00, 7.658576488e+00]
173300 [1.226620078e+00, 7.634862900e+00]
173400 [1.226410747e+00, 7.614048004e+00]
173500 [1.225891590e+00, 7.593961716e+00]
173600 [1.226056337e+00, 7.571591377e+00]
173700 [1.224866748e+00, 7.550486565e+00]
173800 [1.225636721e+00, 7.526002407e+00]
173900 [1.225414872e+00, 7.502590179e+00]
174000 [1.225235105e+00, 7.479871750e+00]
174100 [1.225009918e+00, 7.457479954e+00]
174200 [1.224684477e+00, 7.434473038e+00]
174300 [1.224619865e+00, 7.412899017e+00]
174400 [1.224389553e+00, 7.391786098e+00]
174500 [1.224219799e+00, 7.368721962e+00]
174600 [1.223934889e+00, 7.348492146e+00]
174700 [1.223770738e+00, 7.327462196e+00]
174800 [1.223565221e+00, 7.305569649e+00]
174900 [1.223331332e+00, 7.284496784e+00]
175000 [1.222705841e+00, 7.263408661e+00]
175100 [1.222942233e+00, 7.240625381e+00]
175200 [1.222548485e+00, 7.220354557e+00]
175300 [1.222294927e+00, 7.199265003e+00]
175400 [1.222201347e+00, 7.177244186e+00]
175500 [1.221984029e+00, 7.156306267e+00]
175600 [1.221598268e+00, 7.134830475e+00]
175700 [1.221594214e+00, 7.114622116e+00]
175800 [1.221377492e+00, 7.093813419e+00]
175900 [1.221130967e+00, 7.073217392e+00]
176000 [1.220914125e+00, 7.053058624e+00]
176100 [1.220280528e+00, 7.032949924e+00]
176200 [1.220476627e+00, 7.012811184e+00]
176300 [1.219918013e+00, 6.993253708e+00]
176400 [1.220036864e+00, 6.973070621e+00]
176500 [1.219730139e+00, 6.953748226e+00]
176600 [1.219589949e+00, 6.934350014e+00]
176700 [1.218763351e+00, 6.915219307e+00]
176800 [1.219117880e+00, 6.894496441e+00]
176900 [1.218956232e+00, 6.872138023e+00]
177000 [1.218638182e+00, 6.853136063e+00]
177100 [1.218385458e+00, 6.834161758e+00]
177200 [1.218160272e+00, 6.813475609e+00]
177300 [1.217884302e+00, 6.795091629e+00]
177400 [1.217496276e+00, 6.778046608e+00]
177500 [1.217484117e+00, 6.759154320e+00]
177600 [1.217215776e+00, 6.740402222e+00]
177700 [1.216982365e+00, 6.720084667e+00]
177800 [1.216278791e+00, 6.702301979e+00]
177900 [1.216501594e+00, 6.682170391e+00]
178000 [1.216229200e+00, 6.663153648e+00]
178100 [1.216016293e+00, 6.645638943e+00]
178200 [1.215689898e+00, 6.627468586e+00]
178300 [1.215458989e+00, 6.607888699e+00]
178400 [1.215263844e+00, 6.589985371e+00]
178500 [1.214850783e+00, 6.571549416e+00]
178600 [1.214655995e+00, 6.552481174e+00]
178700 [1.214516401e+00, 6.534708977e+00]
178800 [1.214203000e+00, 6.516324043e+00]
178900 [1.213982821e+00, 6.497793674e+00]
179000 [1.213755727e+00, 6.480717659e+00]
179100 [1.213226318e+00, 6.463168621e+00]
179200 [1.213124752e+00, 6.444371223e+00]
179300 [1.212800503e+00, 6.427237988e+00]
179400 [1.212717295e+00, 6.408326626e+00]
179500 [1.212428093e+00, 6.391546249e+00]
179600 [1.212221384e+00, 6.374958515e+00]
179700 [1.211956620e+00, 6.357807159e+00]
179800 [1.211585999e+00, 6.340809345e+00]
179900 [1.211147070e+00, 6.323657513e+00]
180000 [1.211165786e+00, 6.305962563e+00]
180100 [1.210893035e+00, 6.288845062e+00]
180200 [1.210245252e+00, 6.273742199e+00]
180300 [1.210392356e+00, 6.256253242e+00]
180400 [1.209989190e+00, 6.239187241e+00]
180500 [1.209864497e+00, 6.223565102e+00]
180600 [1.209602356e+00, 6.207421780e+00]
180700 [1.209221005e+00, 6.191294670e+00]
180800 [1.208866954e+00, 6.175662994e+00]
180900 [1.208860397e+00, 6.158559799e+00]
181000 [1.208564043e+00, 6.143919945e+00]
181100 [1.208308578e+00, 6.128961086e+00]
181200 [1.208015919e+00, 6.113643169e+00]
181300 [1.207569599e+00, 6.097259521e+00]
181400 [1.207497239e+00, 6.082384109e+00]
181500 [1.207231641e+00, 6.067097664e+00]
181600 [1.206807137e+00, 6.051556110e+00]
181700 [1.206707120e+00, 6.036366463e+00]
181800 [1.206250906e+00, 6.021141529e+00]
181900 [1.206159234e+00, 6.006170750e+00]
182000 [1.205895305e+00, 5.991053581e+00]
182100 [1.205426931e+00, 5.976933956e+00]
182200 [1.205052257e+00, 5.962521076e+00]
182300 [1.204920650e+00, 5.947214127e+00]
182400 [1.204825878e+00, 5.933211327e+00]
182500 [1.204492092e+00, 5.919039249e+00]
182600 [1.204218984e+00, 5.904056072e+00]
182700 [1.203845143e+00, 5.890851974e+00]
182800 [1.203749061e+00, 5.875815868e+00]
182900 [1.203466654e+00, 5.861674786e+00]
183000 [1.203207612e+00, 5.848373890e+00]
183100 [1.202833533e+00, 5.834300518e+00]
183200 [1.202680945e+00, 5.821289062e+00]
183300 [1.201824427e+00, 5.808589458e+00]
183400 [1.202189922e+00, 5.793552399e+00]
183500 [1.201859951e+00, 5.780046463e+00]
183600 [1.201586723e+00, 5.767078876e+00]
183700 [1.201303244e+00, 5.754272461e+00]
183800 [1.200642824e+00, 5.741760254e+00]
183900 [1.200804591e+00, 5.728618145e+00]
184000 [1.200532079e+00, 5.716294289e+00]
184100 [1.200331330e+00, 5.702281952e+00]
184200 [1.199851274e+00, 5.691511631e+00]
184300 [1.199782014e+00, 5.680352688e+00]
184400 [1.199508309e+00, 5.668190956e+00]
184500 [1.199267387e+00, 5.656479836e+00]
184600 [1.198835850e+00, 5.643828869e+00]
184700 [1.198727131e+00, 5.632152081e+00]
184800 [1.198037982e+00, 5.620515823e+00]
184900 [1.198095918e+00, 5.607758999e+00]
185000 [1.197712183e+00, 5.596693039e+00]
185100 [1.197682619e+00, 5.584232807e+00]
185200 [1.197411180e+00, 5.573389530e+00]
185300 [1.197147727e+00, 5.563161373e+00]
185400 [1.196946263e+00, 5.551786423e+00]
185500 [1.196679473e+00, 5.540933609e+00]
185600 [1.196416855e+00, 5.529237747e+00]
185700 [1.196153760e+00, 5.518276691e+00]
185800 [1.195844054e+00, 5.506850243e+00]
185900 [1.195647836e+00, 5.496248722e+00]
186000 [1.195383191e+00, 5.485446930e+00]
186100 [1.195129633e+00, 5.474503040e+00]
186200 [1.194882751e+00, 5.464910984e+00]
186300 [1.194646835e+00, 5.453377724e+00]
186400 [1.194374084e+00, 5.443051815e+00]
186500 [1.194117904e+00, 5.433254242e+00]
186600 [1.193699360e+00, 5.422583580e+00]
186700 [1.193622231e+00, 5.413035870e+00]
186800 [1.193363428e+00, 5.403319836e+00]
186900 [1.192941666e+00, 5.393175602e+00]
187000 [1.192630529e+00, 5.383977413e+00]
187100 [1.192623734e+00, 5.373417377e+00]
187200 [1.192397714e+00, 5.364308834e+00]
187300 [1.192161918e+00, 5.355138302e+00]
187400 [1.191900611e+00, 5.345932961e+00]
187500 [1.191637397e+00, 5.335994244e+00]
187600 [1.191417933e+00, 5.326937199e+00]
187700 [1.191020131e+00, 5.317324638e+00]
187800 [1.190941930e+00, 5.308386326e+00]
187900 [1.190258026e+00, 5.299984455e+00]
188000 [1.190298915e+00, 5.290028572e+00]
188100 [1.190135717e+00, 5.281244278e+00]
188200 [1.189994216e+00, 5.272528172e+00]
188300 [1.189747930e+00, 5.264177799e+00]
188400 [1.189158320e+00, 5.256440639e+00]
188500 [1.189317226e+00, 5.247791767e+00]
188600 [1.188958406e+00, 5.239102364e+00]
188700 [1.188818097e+00, 5.230428219e+00]
188800 [1.188453317e+00, 5.222113132e+00]
188900 [1.188378930e+00, 5.213878155e+00]
189000 [1.188149333e+00, 5.205548286e+00]
189100 [1.187882543e+00, 5.197992802e+00]
189200 [1.187704682e+00, 5.190310001e+00]
189300 [1.187454462e+00, 5.182487965e+00]
189400 [1.187258840e+00, 5.174276829e+00]
189500 [1.187042117e+00, 5.166547298e+00]
189600 [1.186805129e+00, 5.158985615e+00]
189700 [1.186605096e+00, 5.151658058e+00]
189800 [1.186385751e+00, 5.144138813e+00]
189900 [1.186098814e+00, 5.136459827e+00]
190000 [1.185951233e+00, 5.129151821e+00]
190100 [1.185618401e+00, 5.121972561e+00]
190200 [1.185519576e+00, 5.114656925e+00]
190300 [1.185292363e+00, 5.107291222e+00]
190400 [1.185084224e+00, 5.100211620e+00]
190500 [1.184755802e+00, 5.093288898e+00]
190600 [1.184605479e+00, 5.085943222e+00]
190700 [1.184443593e+00, 5.079113007e+00]
190800 [1.184244394e+00, 5.072036266e+00]
190900 [1.184037685e+00, 5.065741062e+00]
191000 [1.183790088e+00, 5.058594227e+00]
191100 [1.183624625e+00, 5.052273273e+00]
191200 [1.183160067e+00, 5.045784473e+00]
191300 [1.183020353e+00, 5.039395809e+00]
191400 [1.183031678e+00, 5.032845974e+00]
191500 [1.182792664e+00, 5.026377678e+00]
191600 [1.182631850e+00, 5.020060539e+00]
191700 [1.182449222e+00, 5.013887882e+00]
191800 [1.182232738e+00, 5.007454395e+00]
191900 [1.182043910e+00, 5.001770496e+00]
192000 [1.181832433e+00, 4.995308876e+00]
192100 [1.181651592e+00, 4.989483833e+00]
192200 [1.181374669e+00, 4.983671188e+00]
192300 [1.181206226e+00, 4.978026867e+00]
192400 [1.181046009e+00, 4.971728802e+00]
192500 [1.180902719e+00, 4.966203690e+00]
192600 [1.180717945e+00, 4.960626125e+00]
192700 [1.180405855e+00, 4.955287457e+00]
192800 [1.180039644e+00, 4.949922562e+00]
192900 [1.180257201e+00, 4.943681717e+00]
193000 [1.179957151e+00, 4.938670635e+00]
193100 [1.179709911e+00, 4.932882309e+00]
193200 [1.179629683e+00, 4.927616596e+00]
193300 [1.179449797e+00, 4.922665596e+00]
193400 [1.179268122e+00, 4.916967869e+00]
193500 [1.179094553e+00, 4.911999226e+00]
193600 [1.178837299e+00, 4.906564236e+00]
193700 [1.178334832e+00, 4.902462959e+00]
193800 [1.178591013e+00, 4.896948814e+00]
193900 [1.178058743e+00, 4.892199516e+00]
194000 [1.178251386e+00, 4.886926174e+00]
194100 [1.178084493e+00, 4.882255554e+00]
194200 [1.177448869e+00, 4.877691269e+00]
194300 [1.177573323e+00, 4.872908592e+00]
194400 [1.177601099e+00, 4.868162632e+00]
194500 [1.177439094e+00, 4.863792419e+00]
194600 [1.177157402e+00, 4.858813286e+00]
194700 [1.177089214e+00, 4.854102612e+00]
194800 [1.176856041e+00, 4.849409580e+00]
194900 [1.176762462e+00, 4.844690800e+00]
195000 [1.176604867e+00, 4.840082169e+00]
195100 [1.176447034e+00, 4.835578442e+00]
195200 [1.176185012e+00, 4.831470966e+00]
195300 [1.175726652e+00, 4.827441216e+00]
195400 [1.175741673e+00, 4.822549343e+00]
195500 [1.175543666e+00, 4.818702698e+00]
195600 [1.175671577e+00, 4.813723564e+00]
195700 [1.175507784e+00, 4.809531689e+00]
195800 [1.175370932e+00, 4.805876255e+00]
195900 [1.175177455e+00, 4.801130772e+00]
196000 [1.175059199e+00, 4.797061920e+00]
196100 [1.174893856e+00, 4.792893410e+00]
196200 [1.174764514e+00, 4.788875103e+00]
196300 [1.174613714e+00, 4.784832478e+00]
196400 [1.174429417e+00, 4.781028748e+00]
196500 [1.174126863e+00, 4.777401924e+00]
196600 [1.174186587e+00, 4.773207188e+00]
196700 [1.174033761e+00, 4.769487381e+00]
196800 [1.173902273e+00, 4.765854836e+00]
196900 [1.173254490e+00, 4.762742996e+00]
197000 [1.173637748e+00, 4.757997036e+00]
197100 [1.173449397e+00, 4.754217625e+00]
197200 [1.173340321e+00, 4.750544548e+00]
197300 [1.173200965e+00, 4.747386456e+00]
197400 [1.173058510e+00, 4.743233681e+00]
197500 [1.172457576e+00, 4.739961624e+00]
197600 [1.172787309e+00, 4.736056328e+00]
197700 [1.172158360e+00, 4.733757973e+00]
197800 [1.172528744e+00, 4.729397297e+00]
197900 [1.171994567e+00, 4.725939751e+00]
198000 [1.172256827e+00, 4.722081184e+00]
198100 [1.172135472e+00, 4.719204426e+00]
198200 [1.172004700e+00, 4.715271473e+00]
198300 [1.171871185e+00, 4.712421417e+00]
198400 [1.171302915e+00, 4.709500313e+00]
198500 [1.171635628e+00, 4.706184864e+00]
198600 [1.171286345e+00, 4.702813625e+00]
198700 [1.171381116e+00, 4.699732780e+00]
198800 [1.171210289e+00, 4.695973873e+00]
198900 [1.171137214e+00, 4.693539143e+00]
199000 [1.170394063e+00, 4.691606998e+00]
199100 [1.170912981e+00, 4.687808037e+00]
199200 [1.170782566e+00, 4.684166908e+00]
199300 [1.170658231e+00, 4.681280613e+00]
199400 [1.170525908e+00, 4.678040504e+00]
199500 [1.170411587e+00, 4.675399780e+00]
199600 [1.170128107e+00, 4.671906471e+00]
199700 [1.170150161e+00, 4.668967724e+00]
199800 [1.170055628e+00, 4.666055679e+00]
199900 [1.169943571e+00, 4.663831711e+00]
200000 [1.169823289e+00, 4.660327911e+00]
