0 [5.000000000e+00, 1.000000000e+00, 1.000000015e-01]
100 [4.936756134e+00, 9.640299678e-01, 6.250999123e-02]
200 [4.873149395e+00, 9.353252053e-01, 2.607759833e-02]
300 [4.814124584e+00, 9.025107026e-01, -1.754487865e-02]
400 [4.765969753e+00, 8.667955399e-01, -6.506313384e-02]
500 [4.731940269e+00, 8.295503855e-01, -1.085695773e-01]
600 [4.719183922e+00, 8.102293611e-01, -1.250153035e-01]
700 [4.709461689e+00, 7.966247201e-01, -1.349213123e-01]
800 [4.699872017e+00, 7.840552926e-01, -1.427698880e-01]
900 [4.690215588e+00, 7.717173696e-01, -1.498775631e-01]
1000 [4.680340290e+00, 7.590453029e-01, -1.570906341e-01]
1100 [4.670038700e+00, 7.452628016e-01, -1.655981392e-01]
1200 [4.659996510e+00, 7.322031856e-01, -1.735805869e-01]
1300 [4.650649548e+00, 7.208989859e-01, -1.794646233e-01]
1400 [4.641668320e+00, 7.105622292e-01, -1.841066182e-01]
1500 [4.632883072e+00, 7.009171844e-01, -1.877758354e-01]
1600 [4.624156952e+00, 6.917674541e-01, -1.906651855e-01]
1700 [4.615427017e+00, 6.829730272e-01, -1.929095984e-01]
1800 [4.606617928e+00, 6.744307280e-01, -1.946051121e-01]
1900 [4.597672939e+00, 6.660623550e-01, -1.958214343e-01]
2000 [4.588539600e+00, 6.578065157e-01, -1.966107935e-01]
2100 [4.579179764e+00, 6.496132612e-01, -1.970136017e-01]
2200 [4.569557190e+00, 6.414393187e-01, -1.970629096e-01]
2300 [4.559638023e+00, 6.332442760e-01, -1.967873722e-01]
2400 [4.549390316e+00, 6.249912381e-01, -1.962134242e-01]
2500 [nan, nan, nan]
2600 [nan, nan, nan]
2700 [nan, nan, nan]
2800 [nan, nan, nan]
2900 [nan, nan, nan]
3000 [nan, nan, nan]
